-1.60111
-1.65889
-1.59667
-1.67333
-1.61556
-1.62889
-1.63111
-1.64222
-1.62556
-1.63222
-1.71222
-1.60111
-1.64333
-1.64
-1.60778
-1.61667
-1.55556
-1.65222
-1.68333
-1.66
-1.65111
-1.62222
-1.63
-1.65
-1.65111
-1.64222
-1.58778
-1.71333
-1.63889
-1.66889
-1.60889
-1.62111
-1.54
-1.64667
-1.65
-1.58
-1.64444
-1.68111
-1.60111
-1.61444
-1.66
-1.64556
-1.63111
-1.66889
-1.66889
-1.64222
-1.61
-1.64444
-1.58889
-1.59444
-1.65444
-1.66778
-1.66667
-1.65778
-1.67444
-1.69889
-1.71556
-1.67333
-1.60111
-1.62556
-1.68667
-1.65
-1.67778
-1.68222
-1.61889
-1.59444
-1.63778
-1.63333
-1.57222
-1.64444
-1.61222
-1.68222
-1.67444
-1.63889
-1.66556
-1.63222
-1.66444
-1.58667
-1.64778
-1.59667
-1.66111
-1.59556
-1.66444
-1.63111
-1.63333
-1.64667
-1.57333
-1.63667
-1.65333
-1.60444
-1.64667
-1.60667
-1.65111
-1.66667
-1.63111
-1.64889
-1.66111
-1.61778
-1.63222
-1.56
-1.64111
-1.68111
-1.65778
-1.65889
-1.62889
-1.66333
-1.57444
-1.68667
-1.65556
-1.66556
-1.60778
-1.61222
-1.62222
-1.64667
-1.64889
-1.61111
-1.65444
-1.61556
-1.71222
-1.69444
-1.68111
-1.66778
-1.69444
-1.65778
-1.62778
-1.66444
-1.60444
-1.57333
-1.62333
-1.61
-1.68
-1.64333
-1.62667
-1.59889
-1.59667
-1.57333
-1.67778
-1.64333
-1.62556
-1.66889
-1.66222
-1.61222
-1.64111
-1.61667
-1.68444
-1.64333
-1.65333
-1.55444
-1.68111
-1.60444
-1.65889
-1.64778
-1.65111
-1.60667
-1.68778
-1.56111
-1.56111
-1.66
-1.67222
-1.63333
-1.62
-1.64444
-1.61556
-1.58333
-1.62778
-1.66
-1.63111
-1.67444
-1.67889
-1.65556
-1.67556
-1.66667
-1.61111
-1.63222
-1.61556
-1.65778
-1.66222
-1.61444
-1.66667
-1.64444
-1.65889
-1.61111
-1.57333
-1.65556
-1.62889
-1.64667
-1.63222
-1.61556
-1.60333
-1.62889
-1.62222
-1.61556
-1.68333
-1.65
-1.62333
-1.62
-1.62
-1.63
-1.64333
-1.54111
-1.63778
-1.69667
-1.66667
-1.7
-1.56556
-1.62556
-1.47222
-1.68444
-1.69
-1.65556
-1.6
-1.57778
-1.63444
-1.67
-1.68444
-1.63889
-1.64444
-1.63889
-1.57667
-1.58889
-1.63444
-1.6
-1.60556
-1.62333
-1.64556
-1.65111
-1.65778
-1.70222
-1.66556
-1.64444
-1.65667
-1.60556
-1.64222
-1.61667
-1.66222
-1.59
-1.58889
-1.62333
-1.59667
-1.54889
-1.57778
-1.64667
-1.72
-1.62889
-1.58444
-1.61222
-1.60556
-1.62444
-1.69222
-1.62222
-1.53778
-1.65222
-1.60222
-1.65333
-1.61333
-1.60778
-1.61111
-1.65556
-1.64111
-1.59667
-1.61667
-1.62111
-1.64778
-1.63333
-1.61556
-1.66444
-1.65333
-1.66
-1.64333
-1.67444
-1.61667
-1.69778
-1.61889
-1.58111
-1.61889
-1.58556
-1.66778
-1.61333
-1.63778
-1.69111
-1.64333
-1.53444
-1.62667
-1.57889
-1.58778
-1.59556
-1.63667
-1.66222
-1.62111
-1.61444
-1.57333
-1.62889
-1.62111
-1.63111
-1.60333
-1.65556
-1.65
-1.69222
-1.6
-1.65111
-1.62778
-1.68111
-1.65222
-1.68556
-1.62111
-1.59889
-1.67
-1.59556
-1.65222
-1.61111
-1.73889
-1.64
-1.61111
-1.60111
-1.59333
-1.58778
-1.67778
-1.59889
-1.58778
-1.62667
-1.68444
-1.67444
-1.65333
-1.60667
-1.66667
-1.64667
-1.66667
-1.62
-1.63444
-1.62667
-1.57778
-1.69667
-1.60889
-1.59667
-1.61
-1.60889
-1.67111
-1.63111
-1.62
-1.61889
-1.60222
-1.63222
-1.67556
-1.66556
-1.68444
-1.58667
-1.59556
-1.64667
-1.65111
-1.68778
-1.69
-1.61222
-1.61889
-1.59778
-1.61889
-1.62333
-1.68333
-1.61667
-1.68444
-1.55444
-1.61111
-1.54444
-1.59889
-1.67111
-1.59778
-1.59222
-1.59667
-1.67778
-1.59889
-1.7
-1.64333
-1.65111
-1.63333
-1.63556
-1.64
-1.59778
-1.59889
-1.64
-1.58556
-1.67556
-1.58444
-1.67556
-1.59667
-1.63556
-1.60222
-1.63444
-1.67111
-1.64111
-1.64778
-1.61667
-1.64444
-1.65222
-1.67
-1.59889
-1.57
-1.67667
-1.62778
-1.64111
-1.64444
-1.58111
-1.66778
-1.65444
-1.60778
-1.67222
-1.58667
-1.64333
-1.64556
-1.66222
-1.67667
-1.61556
-1.68
-1.60667
-1.62556
-1.59667
-1.60444
-1.69222
-1.62889
-1.62444
-1.66111
-1.64333
-1.69111
-1.63444
-1.67222
-1.61444
-1.60778
-1.63111
-1.62889
-1.67667
-1.63333
-1.63333
-1.65
-1.64111
-1.62333
-1.67778
-1.66556
-1.71222
-1.57444
-1.68889
-1.66111
-1.63667
-1.64333
-1.62111
-1.53444
-1.56889
-1.57667
-1.65778
-1.65556
-1.57889
-1.61333
-1.62556
-1.62
-1.61111
-1.59111
-1.64778
-1.55333
-1.63444
-1.62778
-1.63778
-1.60889
-1.60556
-1.65778
-1.64111
-1.65778
-1.66444
-1.70667
-1.64889
-1.65111
-1.60444
-1.68444
-1.60889
-1.65333
-1.64778
-1.57889
-1.63444
-1.58556
-1.59889
-1.57
-1.64889
-1.70333
-1.69778
-1.62667
-1.69
-1.67111
-1.68
-1.68333
-1.62
-1.57778
-1.62778
-1.65
-1.61
-1.65556
-1.6
-1.62333
-1.54667
-1.59333
-1.59667
-1.57889
-1.64
-1.64778
-1.64333
-1.60778
-1.62778
-1.64667
-1.66444
-1.64111
-1.54889
-1.62
-1.62333
-1.57222
-1.65556
-1.65889
-1.63556
-1.60222
-1.63333
-1.61556
-1.63444
-1.67222
-1.63111
-1.63444
-1.61
-1.60111
-1.63111
-1.68667
-1.65889
-1.62
-1.58889
-1.62444
-1.58667
-1.63
-1.64444
-1.60778
-1.62667
-1.62111
-1.61111
-1.66222
-1.67667
-1.70556
-1.62
-1.66333
-1.64444
-1.61111
-1.60444
-1.61778
-1.59667
-1.60444
-1.63222
-1.68111
-1.65444
-1.64444
-1.64444
-1.65667
-1.57556
-1.59444
-1.65444
-1.67
-1.64889
-1.64111
-1.61889
-1.66111
-1.55889
-1.65778
-1.65444
-1.59667
-1.70667
-1.63778
-1.56889
-1.62333
-1.59889
-1.61556
-1.59
-1.63444
-1.68556
-1.64667
-1.51667
-1.64222
-1.66778
-1.62667
-1.69
-1.56556
-1.60778
-1.58444
-1.64667
-1.64778
-1.62556
-1.65556
-1.71
-1.68778
-1.67222
-1.60556
-1.68222
-1.60556
-1.64
-1.66222
-1.68222
-1.65
-1.58
-1.64333
-1.61111
-1.63333
-1.66556
-1.63
-1.59778
-1.61
-1.64111
-1.62222
-1.64333
-1.66222
-1.68778
-1.62556
-1.62222
-1.64111
-1.62111
-1.61333
-1.65667
-1.64778
-1.60333
-1.53333
-1.63778
-1.61444
-1.59778
-1.64778
-1.63111
-1.66667
-1.62889
-1.63333
-1.61444
-1.71222
-1.67111
-1.56889
-1.57667
-1.65556
-1.63
-1.69222
-1.64
-1.65556
-1.60778
-1.64667
-1.69778
-1.61667
-1.58111
-1.61889
-1.65
-1.65
-1.56222
-1.68111
-1.59889
-1.62
-1.63
-1.66444
-1.62
-1.66222
-1.58333
-1.66
-1.61556
-1.66444
-1.66
-1.63
-1.69
-1.58667
-1.66
-1.67111
-1.59444
-1.70333
-1.62444
-1.62222
-1.67778
-1.64333
-1.67222
-1.72333
-1.65
-1.60444
-1.60444
-1.66222
-1.57778
-1.65222
-1.61444
-1.61889
-1.58333
-1.70778
-1.63
-1.60556
-1.55667
-1.69111
-1.61222
-1.64778
-1.60667
-1.67
-1.69556
-1.60556
-1.62333
-1.67111
-1.59556
-1.58889
-1.59444
-1.68333
-1.61889
-1.66667
-1.61889
-1.63222
-1.68222
-1.64556
-1.65333
-1.54111
-1.57556
-1.58444
-1.61222
-1.61111
-1.65222
-1.65556
-1.63778
-1.67222
-1.62778
-1.67222
-1.67222
-1.63667
-1.57778
-1.63
-1.60778
-1.68444
-1.61667
-1.65222
-1.58
-1.59667
-1.66556
-1.61333
-1.61889
-1.56111
-1.66444
-1.67889
-1.66222
-1.62111
-1.60778
-1.72111
-1.65333
-1.65889
-1.65111
-1.66222
-1.67333
-1.66444
-1.68111
-1.62889
-1.64778
-1.64889
-1.65778
-1.63333
-1.62
-1.62333
-1.66
-1.60333
-1.53222
-1.57222
-1.64889
-1.65889
-1.66222
-1.62
-1.62667
-1.64222
-1.69333
-1.60111
-1.63889
-1.62556
-1.64
-1.65444
-1.59778
-1.61
-1.55556
-1.57556
-1.62889
-1.58
-1.66444
-1.56889
-1.58889
-1.68111
-1.55556
-1.58889
-1.65
-1.62
-1.64556
-1.63778
-1.66889
-1.61667
-1.65778
-1.61444
-1.61222
-1.63778
-1.58222
-1.64222
-1.68778
-1.61333
-1.64889
-1.65778
-1.61778
-1.67444
-1.65889
-1.68556
-1.63778
-1.67778
-1.61444
-1.63667
-1.59333
-1.64111
-1.68667
-1.65667
-1.70333
-1.70444
-1.59111
-1.65889
-1.64556
-1.63333
-1.56889
-1.53
-1.60222
-1.67667
-1.71111
-1.64889
-1.59889
-1.58556
-1.63111
-1.59111
-1.65
-1.59111
-1.61778
-1.59667
-1.68333
-1.64
-1.65556
-1.60889
-1.60889
-1.65778
-1.63778
-1.63
-1.60333
-1.53778
-1.63556
-1.59444
-1.57444
-1.62889
-1.61889
-1.61556
-1.62556
-1.63
-1.63889
-1.69111
-1.62
-1.68222
-1.55
-1.69111
-1.68
-1.60556
-1.65889
-1.63444
-1.63667
-1.59778
-1.63222
-1.59333
-1.66556
-1.63444
-1.61778
-1.73667
-1.65444
-1.60556
-1.61444
-1.58
-1.57111
-1.66444
-1.66556
-1.63556
-1.64111
-1.60444
-1.61889
-1.61889
-1.59778
-1.62778
-1.58444
-1.66222
-1.63222
-1.63778
-1.63889
-1.66
-1.67333
-1.66444
-1.70556
-1.61778
-1.59111
-1.63556
-1.68444
-1.66778
-1.63778
-1.65889
-1.65111
-1.61444
-1.62222
-1.55111
-1.65222
-1.61556
-1.57667
-1.63556
-1.60333
-1.66333
-1.68
-1.63111
-1.59667
-1.58
-1.61667
-1.58444
-1.63444
-1.62111
-1.61333
-1.61778
-1.62778
-1.62333
-1.67556
-1.58778
-1.66444
-1.68333
-1.65111
-1.66778
-1.57889
-1.62778
-1.68444
-1.69889
-1.66444
-1.59222
-1.65222
-1.56
-1.64333
-1.70111
-1.56333
-1.64889
-1.61222
-1.64667
-1.64889
-1.67667
-1.67222
-1.59333
-1.70222
-1.55
-1.60111
-1.65
-1.64111
-1.60444
-1.65111
-1.59556
-1.66556
-1.63111
-1.6
-1.61889
-1.69444
-1.67556
-1.65889
-1.65111
-1.70889
-1.59778
-1.69333
-1.62222
-1.62778
-1.53889
-1.62333
-1.69889
-1.61667
-1.65111
-1.62111
-1.61778
-1.60667
-1.62222
-1.59889
-1.62889
-1.65556
-1.59111
-1.67
-1.58889
-1.65333
-1.6
-1.62222
-1.61444
-1.59
-1.59889
-1.64111
-1.63556
-1.60222
-1.62333
-1.57
-1.61
-1.60333
-1.56333
-1.72444
-1.61556
-1.57444
-1.60778
-1.65222
-1.66444
-1.62778
-1.58444
-1.61333
-1.70444
-1.64778
-1.66333
-1.59667
-1.60556
-1.63778
-1.62222
-1.67889
-1.62333
-1.67
-1.60444
-1.60889
-1.53222
-1.60333
-1.58889
-1.64667
-1.60556
-1.56111
-1.62556
-1.67222
-1.67667
-1.64111
-1.64333
-1.63444
-1.62556
-1.61778
-1.65778
-1.61111
-1.66222
-1.64889
-1.62889
-1.62778
-1.64111
-1.58222
-1.61
-1.61556
-1.67333
-1.57778
-1.61444
-1.65333
-1.60667
-1.66556
-1.62
-1.64222
-1.55556
-1.58
-1.65444
-1.59111
-1.68333
-1.66
-1.60556
-1.68
-1.6
-1.66111
-1.61889
-1.60111
-1.62889
-1.66
-1.59111
-1.65444
-1.65778
-1.62778
-1.56444
-1.63778
-1.62667
-1.69
-1.63
-1.64222
-1.67556
-1.67667
-1.55
-1.67222
-1.62111
-1.64111
-1.59333
-1.65889
-1.58556
-1.63333
-1.62778
-1.67333
-1.58222
-1.62
-1.59889
-1.55778
-1.60778
-1.58667
-1.65556
-1.58222
-1.63667
-1.64889
-1.60667
-1.61667
-1.66222
-1.58222
-1.64889
-1.62111
-1.67889
-1.59889
-1.61889
-1.65444
-1.61889
-1.64333
-1.58111
-1.57
-1.69889
-1.64778
-1.60889
-1.65333
-1.57111
-1.65111
-1.65111
-1.65
-1.61556
-1.64889
-1.6
-1.66
-1.62333
-1.65444
-1.67
-1.67444
-1.63333
-1.64556
-1.65333
-1.66444
-1.61778
-1.59444
-1.66111
-1.60889
-1.59444
-1.62111
-1.63111
-1.66
-1.63667
-1.66778
-1.59444
-1.65
-1.60222
-1.59778
-1.62556
-1.62222
-1.55778
-1.66333
-1.64444
-1.62667
-1.62667
-1.56889
-1.62111
-1.62889
-1.60444
-1.65778
-1.55889
-1.64889
-1.64889
-1.67889
-1.59111
-1.55222
-1.67889
-1.62889
-1.65222
-1.6
-1.68444
-1.62667
-1.66444
-1.66333
-1.61
-1.75222
-1.60333
-1.61444
-1.59889
-1.69111
-1.56889
-1.61333
-1.60889
-1.61444
-1.61667
-1.64778
-1.67444
-1.65333
-1.64
-1.57
-1.61556
-1.65444
-1.64556
-1.74222
-1.67556
-1.66778
-1.57222
-1.61222
-1.66556
-1.67333
-1.65889
-1.59444
-1.66333
-1.55889
-1.64333
-1.62889
-1.63333
-1.62778
-1.63889
-1.63444
-1.68333
-1.65333
-1.58333
-1.63444
-1.68333
-1.59778
-1.62222
-1.64778
-1.62333
-1.65889
-1.62444
-1.69778
-1.72111
-1.63222
-1.64222
-1.68889
-1.61333
-1.60111
-1.68
-1.60444
-1.63556
-1.64778
-1.62111
-1.57556
-1.59556
-1.57556
-1.62444
-1.57556
-1.60444
-1.65444
-1.68889
-1.58667
-1.60778
-1.62444
-1.63222
-1.64
-1.69778
-1.62333
-1.65444
-1.66222
-1.59333
-1.60556
-1.65667
-1.58556
-1.58889
-1.67889
-1.60889
-1.58778
-1.66333
-1.66111
-1.63333
-1.59778
-1.62556
-1.66
-1.70111
-1.63222
-1.61111
-1.57778
-1.65333
-1.62222
-1.62778
-1.67667
-1.62556
-1.65111
-1.61111
-1.62222
-1.64
-1.59889
-1.63111
-1.64333
-1.55111
-1.65
-1.6
-1.65444
-1.65111
-1.62556
-1.62
-1.67667
-1.55222
-1.59889
-1.68556
-1.64778
-1.58889
-1.59556
-1.69667
-1.64333
-1.58333
-1.61889
-1.62333
-1.66556
-1.65778
-1.59556
-1.62889
-1.62778
-1.65556
-1.54778
-1.62444
-1.66333
-1.64778
-1.62889
-1.69333
-1.65778
-1.65111
-1.57444
-1.63778
-1.58
-1.59778
-1.67444
-1.63667
-1.66222
-1.62333
-1.63889
-1.61222
-1.62444
-1.60556
-1.64111
-1.62444
-1.59333
-1.70222
-1.65444
-1.63667
-1.63889
-1.60333
-1.59667
-1.68778
-1.59222
-1.59667
-1.65333
-1.58444
-1.62889
-1.65444
-1.66444
-1.61222
-1.65556
-1.66667
-1.63889
-1.63
-1.66444
-1.67556
-1.64222
-1.66444
-1.68444
-1.66333
-1.56111
-1.56222
-1.62889
-1.60333
-1.62667
-1.57
-1.67
-1.59444
-1.63222
-1.63333
-1.60111
-1.57
-1.67444
-1.66333
-1.57222
-1.55778
-1.65
-1.61667
-1.65222
-1.62889
-1.60444
-1.62222
-1.62333
-1.61556
-1.60444
-1.64444
-1.61889
-1.61333
-1.59556
-1.62889
-1.60889
-1.64889
-1.60778
-1.61889
-1.62667
-1.67444
-1.66667
-1.61111
-1.66444
-1.58333
-1.59556
-1.61444
-1.61
-1.67778
-1.67333
-1.69
-1.64333
-1.59556
-1.59333
-1.66111
-1.61778
-1.65333
-1.66556
-1.65
-1.61
-1.67778
-1.61222
-1.68556
-1.60889
-1.59
-1.65111
-1.58111
-1.68889
-1.62444
-1.62889
-1.62222
-1.53444
-1.65889
-1.63667
-1.60667
-1.61889
-1.69222
-1.64667
-1.57333
-1.64444
-1.58222
-1.59222
-1.58
-1.57889
-1.64556
-1.62333
-1.61444
-1.63667
-1.61444
-1.56222
-1.61222
-1.62333
-1.63222
-1.61222
-1.60444
-1.66111
-1.60778
-1.64556
-1.71667
-1.62778
-1.64444
-1.60556
-1.70889
-1.59111
-1.60889
-1.68222
-1.63556
-1.64667
-1.64556
-1.62889
-1.71556
-1.71222
-1.57556
-1.66
-1.59667
-1.55556
-1.62444
-1.64778
-1.67556
-1.59889
-1.67222
-1.67
-1.71778
-1.63333
-1.61778
-1.65556
-1.64222
-1.64889
-1.58444
-1.62111
-1.59333
-1.55667
-1.62889
-1.66667
-1.63444
-1.62
-1.65778
-1.63
-1.68444
-1.70444
-1.59111
-1.65667
-1.65889
-1.55667
-1.67222
-1.63222
-1.67778
-1.72444
-1.66222
-1.59778
-1.58111
-1.59333
-1.64222
-1.58
-1.64111
-1.68111
-1.61667
-1.65556
-1.58556
-1.61111
-1.62889
-1.63
-1.67667
-1.62444
-1.63667
-1.68111
-1.62889
-1.61444
-1.59889
-1.61444
-1.58889
-1.65444
-1.6
-1.59
-1.63556
-1.63778
-1.59111
-1.66
-1.71111
-1.69333
-1.61889
-1.68667
-1.63556
-1.67333
-1.63667
-1.67667
-1.58556
-1.59556
-1.53333
-1.57222
-1.54667
-1.66667
-1.62
-1.63111
-1.55889
-1.59111
-1.62333
-1.64444
-1.66333
-1.62444
-1.61333
-1.65222
-1.62556
-1.64889
-1.62333
-1.60444
-1.66
-1.59333
-1.61222
-1.60778
-1.59667
-1.70444
-1.61444
-1.64111
-1.60444
-1.57667
-1.58333
-1.63556
-1.63111
-1.59333
-1.63
-1.67
-1.65778
-1.68333
-1.57444
-1.60111
-1.62889
-1.64
-1.57444
-1.65111
-1.64333
-1.72333
-1.67
-1.63222
-1.63667
-1.55222
-1.62111
-1.58667
-1.67556
-1.64111
-1.59444
-1.62667
-1.62111
-1.67111
-1.60444
-1.60111
-1.7
-1.58556
-1.63667
-1.67
-1.59889
-1.62222
-1.57444
-1.64222
-1.63
-1.53444
-1.62778
-1.63222
-1.66444
-1.61333
-1.62667
-1.68667
-1.64
-1.57111
-1.61556
-1.64778
-1.65889
-1.66222
-1.61778
-1.60444
-1.65
-1.67556
-1.65556
-1.70778
-1.64333
-1.66667
-1.7
-1.66111
-1.63778
-1.69
-1.62889
-1.67444
-1.60556
-1.58778
-1.56889
-1.58111
-1.65556
-1.68222
-1.63
-1.61556
-1.60111
-1.56667
-1.63222
-1.69222
-1.65
-1.62222
-1.67111
-1.61667
-1.58667
-1.64
-1.59333
-1.60111
-1.61667
-1.63333
-1.59333
-1.64
-1.60444
-1.68444
-1.62556
-1.66111
-1.63333
-1.68667
-1.57444
-1.65333
-1.56667
-1.63556
-1.59667
-1.59889
-1.60556
-1.66556
-1.69889
-1.62333
-1.63222
-1.68
-1.62556
-1.59444
-1.62
-1.61333
-1.64222
-1.66556
-1.64778
-1.69444
-1.66111
-1.56333
-1.65556
-1.61778
-1.63111
-1.62667
-1.64444
-1.63222
-1.56778
-1.68778
-1.62889
-1.60778
-1.62556
-1.65333
-1.63667
-1.66667
-1.63778
-1.65222
-1.65889
-1.61
-1.61111
-1.60111
-1.56667
-1.63333
-1.73556
-1.59222
-1.63444
-1.58444
-1.58667
-1.62
-1.56889
-1.59333
-1.57222
-1.68444
-1.63889
-1.65333
-1.61556
-1.65889
-1.64667
-1.61222
-1.62333
-1.67556
-1.65778
-1.63556
-1.67222
-1.61444
-1.58333
-1.63111
-1.65
-1.54556
-1.62333
-1.67444
-1.58889
-1.62889
-1.64333
-1.61
-1.67778
-1.65778
-1.63667
-1.62111
-1.66333
-1.59111
-1.67333
-1.66444
-1.68111
-1.57778
-1.61
-1.58222
-1.58778
-1.65778
-1.65111
-1.58778
-1.62667
-1.72222
-1.61111
-1.61556
-1.64444
-1.55778
-1.66111
-1.62333
-1.64333
-1.55778
-1.64444
-1.64667
-1.61222
-1.61444
-1.62667
-1.58556
-1.65556
-1.57667
-1.69
-1.61111
-1.60111
-1.59111
-1.67
-1.65222
-1.66556
-1.66222
-1.66
-1.61333
-1.66667
-1.68222
-1.59778
-1.65778
-1.66333
-1.6
-1.65556
-1.65889
-1.63333
-1.64222
-1.62778
-1.65667
-1.64556
-1.59444
-1.50111
-1.61778
-1.68889
-1.63667
-1.65222
-1.66556
-1.56444
-1.65
-1.63
-1.65222
-1.57778
-1.62111
-1.67222
-1.63778
-1.64667
-1.58778
-1.69667
-1.6
-1.68333
-1.62
-1.67111
-1.65556
-1.63222
-1.57444
-1.57333
-1.68222
-1.63889
-1.59778
-1.67778
-1.59111
-1.60444
-1.63444
-1.62889
-1.67444
-1.67444
-1.65333
-1.67444
-1.59778
-1.54889
-1.70111
-1.70667
-1.62444
-1.64556
-1.68
-1.62778
-1.65556
-1.63556
-1.69778
-1.67
-1.55667
-1.69444
-1.63556
-1.55667
-1.66556
-1.68333
-1.61444
-1.61556
-1.57778
-1.63333
-1.63889
-1.61667
-1.66333
-1.62222
-1.60556
-1.63111
-1.63
-1.70556
-1.61222
-1.67
-1.57333
-1.63111
-1.67111
-1.58333
-1.64444
-1.68778
-1.64
-1.60889
-1.65222
-1.61444
-1.6
-1.62222
-1.59444
-1.58778
-1.62111
-1.69333
-1.70556
-1.69889
-1.69333
-1.65
-1.64111
-1.68444
-1.63333
-1.66889
-1.69111
-1.61556
-1.66
-1.60778
-1.62556
-1.68111
-1.62222
-1.63556
-1.60778
-1.63556
-1.64333
-1.6
-1.61667
-1.64778
-1.57444
-1.64444
-1.63
-1.62667
-1.63
-1.68222
-1.62111
-1.64
-1.55222
-1.65889
-1.61889
-1.61222
-1.61556
-1.63556
-1.64556
-1.63333
-1.65556
-1.63778
-1.62889
-1.58667
-1.56333
-1.68333
-1.64222
-1.59667
-1.63444
-1.62889
-1.69444
-1.63444
-1.65778
-1.63333
-1.64444
-1.56667
-1.64444
-1.63556
-1.63778
-1.67889
-1.65
-1.63222
-1.59667
-1.66111
-1.60333
-1.65667
-1.59333
-1.63444
-1.66222
-1.58889
-1.72556
-1.71222
-1.62889
-1.58889
-1.61667
-1.65333
-1.62111
-1.60667
-1.61667
-1.65667
-1.64778
-1.66111
-1.59
-1.68667
-1.64222
-1.63889
-1.65889
-1.54
-1.59556
-1.67889
-1.63444
-1.65
-1.60778
-1.64
-1.68889
-1.68778
-1.62889
-1.64111
-1.61444
-1.61889
-1.60889
-1.63333
-1.69222
-1.65111
-1.60111
-1.63222
-1.67889
-1.65
-1.55778
-1.61444
-1.62889
-1.67889
-1.63444
-1.57556
-1.62222
-1.62889
-1.63444
-1.62111
-1.56889
-1.65222
-1.63778
-1.61222
-1.59556
-1.61333
-1.65333
-1.63667
-1.61444
-1.70556
-1.63556
-1.63
-1.64
-1.71667
-1.71
-1.59556
-1.65333
-1.63556
-1.61889
-1.55778
-1.68
-1.66111
-1.62556
-1.60889
-1.62444
-1.65889
-1.65111
-1.54444
-1.65667
-1.59556
-1.64444
-1.62444
-1.65
-1.70222
-1.63
-1.63444
-1.67889
-1.66111
-1.64444
-1.63889
-1.65556
-1.68778
-1.62667
-1.62222
-1.62
-1.61778
-1.64222
-1.63
-1.69222
-1.55556
-1.64111
-1.67
-1.63889
-1.56667
-1.62222
-1.64222
-1.63778
-1.69889
-1.61667
-1.62333
-1.63778
-1.59111
-1.57
-1.64444
-1.58333
-1.57889
-1.65111
-1.61222
-1.68333
-1.67889
-1.63889
-1.65
-1.67556
-1.65778
-1.63333
-1.66111
-1.59444
-1.55111
-1.63222
-1.68
-1.63
-1.63444
-1.62222
-1.57222
-1.68222
-1.65333
-1.51778
-1.62444
-1.62556
-1.64889
-1.66778
-1.68222
-1.68
-1.7
-1.64
-1.59556
-1.63556
-1.56889
-1.68889
-1.6
-1.65556
-1.61222
-1.67778
-1.70111
-1.60556
-1.60667
-1.62
-1.6
-1.64444
-1.62333
-1.67111
-1.64556
-1.61333
-1.69444
-1.66778
-1.63111
-1.70111
-1.65778
-1.62333
-1.60556
-1.64
-1.65333
-1.61222
-1.54778
-1.62556
-1.65444
-1.65222
-1.52444
-1.59111
-1.63222
-1.58222
-1.60667
-1.61556
-1.64111
-1.58444
-1.54
-1.67889
-1.65222
-1.61
-1.59889
-1.60667
-1.59333
-1.58556
-1.63889
-1.63333
-1.60222
-1.59778
-1.62444
-1.58556
-1.65333
-1.64556
-1.61444
-1.55667
-1.66667
-1.60556
-1.61889
-1.69556
-1.62889
-1.67444
-1.66333
-1.62
-1.57778
-1.59
-1.59667
-1.62222
-1.62
-1.62111
-1.62222
-1.61
-1.63111
-1.61889
-1.66667
-1.57667
-1.60778
-1.63111
-1.64444
-1.63333
-1.64889
-1.62667
-1.60444
-1.59778
-1.62889
-1.62556
-1.66444
-1.65889
-1.64111
-1.65556
-1.57778
-1.67222
-1.62778
-1.63
-1.59111
-1.67778
-1.62
-1.62444
-1.60889
-1.68111
-1.49111
-1.62444
-1.70556
-1.65778
-1.59222
-1.63111
-1.64
-1.68111
-1.67222
-1.66
-1.69889
-1.68667
-1.60889
-1.62
-1.63667
-1.62111
-1.61
-1.64889
-1.63778
-1.64111
-1.61
-1.56
-1.67111
-1.66
-1.59778
-1.70778
-1.63222
-1.66667
-1.59
-1.61333
-1.61556
-1.60556
-1.60889
-1.62778
-1.64556
-1.70333
-1.62667
-1.65222
-1.59111
-1.62444
-1.69
-1.60667
-1.64667
-1.62111
-1.63111
-1.66111
-1.62333
-1.65
-1.67111
-1.63444
-1.66333
-1.57889
-1.59111
-1.74222
-1.64889
-1.62778
-1.68
-1.68667
-1.60111
-1.63667
-1.59778
-1.61778
-1.58
-1.59667
-1.59556
-1.63222
-1.6
-1.61889
-1.62333
-1.67222
-1.58444
-1.59222
-1.61111
-1.64
-1.57444
-1.66556
-1.63
-1.61889
-1.56556
-1.6
-1.69333
-1.68556
-1.58778
-1.68444
-1.59889
-1.58444
-1.60444
-1.59889
-1.60111
-1.55333
-1.63111
-1.62111
-1.65111
-1.62444
-1.63556
-1.61556
-1.59778
-1.64556
-1.63222
-1.69667
-1.63111
-1.64
-1.56
-1.60333
-1.64333
-1.58889
-1.70333
-1.62556
-1.57889
-1.64556
-1.57444
-1.63889
-1.65889
-1.63667
-1.59444
-1.67889
-1.59444
-1.65444
-1.66333
-1.63444
-1.59444
-1.55778
-1.65111
-1.65556
-1.58556
-1.59333
-1.66111
-1.65778
-1.63889
-1.67889
-1.65222
-1.63889
-1.53444
-1.67667
-1.57667
-1.61222
-1.52333
-1.65222
-1.63
-1.65667
-1.59333
-1.64889
-1.59444
-1.7
-1.62222
-1.65333
-1.58778
-1.6
-1.57556
-1.63778
-1.60778
-1.62111
-1.69333
-1.65889
-1.59889
-1.61111
-1.66333
-1.58222
-1.54889
-1.63333
-1.63556
-1.60556
-1.62556
-1.62778
-1.62333
-1.66222
-1.60444
-1.65333
-1.68111
-1.63889
-1.63222
-1.62667
-1.59556
-1.60889
-1.64556
-1.63889
-1.58222
-1.67333
-1.56778
-1.67889
-1.66111
-1.65444
-1.65667
-1.61222
-1.67556
-1.60222
-1.65556
-1.60667
-1.67
-1.65111
-1.66
-1.62889
-1.62
-1.60889
-1.63
-1.69556
-1.66667
-1.62111
-1.63333
-1.67556
-1.66
-1.56889
-1.66
-1.58778
-1.57444
-1.65778
-1.63667
-1.63889
-1.64556
-1.63111
-1.56111
-1.67556
-1.62556
-1.56778
-1.62667
-1.58556
-1.63111
-1.65778
-1.59556
-1.62222
-1.69778
-1.60889
-1.59222
-1.58222
-1.65889
-1.60778
-1.63111
-1.57556
-1.63889
-1.63778
-1.64333
-1.61
-1.64333
-1.61222
-1.64889
-1.58444
-1.7
-1.68556
-1.67889
-1.65444
-1.65889
-1.61
-1.58
-1.61333
-1.64111
-1.65444
-1.65111
-1.64333
-1.66444
-1.63556
-1.58222
-1.63667
-1.56778
-1.62333
-1.69778
-1.62333
-1.67778
-1.61667
-1.58556
-1.62556
-1.63778
-1.60778
-1.58778
-1.56111
-1.64667
-1.58444
-1.59222
-1.60556
-1.63889
-1.60333
-1.66444
-1.65444
-1.68111
-1.63889
-1.59222
-1.62333
-1.60778
-1.66778
-1.65444
-1.62222
-1.59222
-1.64889
-1.6
-1.63
-1.64889
-1.64
-1.55333
-1.62333
-1.58111
-1.66556
-1.54333
-1.73444
-1.62778
-1.60111
-1.61444
-1.63
-1.63667
-1.58333
-1.59667
-1.64778
-1.63778
-1.65111
-1.59444
-1.6
-1.64333
-1.61
-1.62444
-1.62667
-1.62889
-1.67667
-1.58444
-1.61667
-1.61333
-1.70889
-1.64111
-1.61222
-1.66333
-1.63222
-1.68111
-1.67889
-1.63111
-1.62111
-1.56778
-1.66444
-1.64222
-1.67
-1.63667
-1.61556
-1.69444
-1.65111
-1.60778
-1.61
-1.68
-1.60111
-1.72333
-1.63778
-1.63444
-1.55556
-1.58667
-1.62778
-1.59889
-1.52222
-1.55
-1.62889
-1.61333
-1.61778
-1.65
-1.66556
-1.61333
-1.58111
-1.69333
-1.61556
-1.60556
-1.60667
-1.59444
-1.63111
-1.65889
-1.63778
-1.70444
-1.63111
-1.66
-1.61111
-1.60556
-1.64333
-1.67222
-1.66
-1.62444
-1.64778
-1.65444
-1.61444
-1.58333
-1.70889
-1.69556
-1.6
-1.60222
-1.62889
-1.65
-1.62778
-1.61444
-1.62778
-1.63222
-1.61889
-1.64889
-1.70111
-1.66667
-1.67111
-1.65444
-1.66111
-1.60667
-1.67889
-1.67889
-1.67889
-1.63111
-1.59222
-1.61889
-1.65222
-1.66444
-1.64222
-1.67444
-1.65
-1.69
-1.60222
-1.66
-1.65667
-1.59778
-1.63889
-1.6
-1.67
-1.59778
-1.60667
-1.64667
-1.64
-1.62778
-1.58889
-1.62
-1.65556
-1.65333
-1.68111
-1.66444
-1.59667
-1.65556
-1.62222
-1.57556
-1.58
-1.66778
-1.66222
-1.59444
-1.64889
-1.64889
-1.60111
-1.69778
-1.62333
-1.61333
-1.57556
-1.62556
-1.65556
-1.68889
-1.64222
-1.60222
-1.60111
-1.58111
-1.66556
-1.63444
-1.64667
-1.58
-1.64556
-1.62
-1.62667
-1.67111
-1.63222
-1.60333
-1.63778
-1.65333
-1.59889
-1.65667
-1.67889
-1.65111
-1.64889
-1.61
-1.58778
-1.65222
-1.57889
-1.65333
-1.65111
-1.64222
-1.68778
-1.57667
-1.65778
-1.63889
-1.65333
-1.56778
-1.66556
-1.66889
-1.66111
-1.62778
-1.59778
-1.65667
-1.57111
-1.64778
-1.58111
-1.59222
-1.65889
-1.61222
-1.57
-1.69
-1.65889
-1.62556
-1.63444
-1.64444
-1.66556
-1.69778
-1.64222
-1.68333
-1.67111
-1.69333
-1.63667
-1.67111
-1.55889
-1.56556
-1.61222
-1.57778
-1.62778
-1.66889
-1.64889
-1.63333
-1.63778
-1.63444
-1.62778
-1.61667
-1.61778
-1.62222
-1.74111
-1.66667
-1.58333
-1.66
-1.65444
-1.62111
-1.63222
-1.66111
-1.63889
-1.61
-1.68
-1.61778
-1.60111
-1.65556
-1.63
-1.64111
-1.62667
-1.62111
-1.60778
-1.58
-1.59222
-1.66889
-1.62
-1.57889
-1.62444
-1.62778
-1.65
-1.61778
-1.66222
-1.59889
-1.62667
-1.71556
-1.60222
-1.56556
-1.52
-1.47333
-1.57111
-1.53222
-1.57444
-1.64111
-1.65556
-1.67
-1.59111
-1.72556
-1.69889
-1.68444
-1.62556
-1.62444
-1.65333
-1.67333
-1.65778
-1.64444
-1.61556
-1.60556
-1.61667
-1.64889
-1.63889
-1.59667
-1.64556
-1.61444
-1.64556
-1.63556
-1.66333
-1.64333
-1.60111
-1.6
-1.59667
-1.58778
-1.56889
-1.67111
-1.65556
-1.69778
-1.60333
-1.60889
-1.63667
-1.65222
-1.61667
-1.62778
-1.62222
-1.60778
-1.59778
-1.63889
-1.67556
-1.61111
-1.69778
-1.61111
-1.65667
-1.67889
-1.68889
-1.63667
-1.61778
-1.67667
-1.64556
-1.70111
-1.67222
-1.65333
-1.62667
-1.66
-1.65556
-1.56778
-1.61889
-1.58111
-1.61889
-1.62333
-1.62333
-1.56333
-1.70333
-1.61778
-1.65556
-1.61111
-1.62111
-1.63111
-1.61333
-1.64778
-1.66111
-1.61222
-1.65778
-1.61
-1.65111
-1.58
-1.65667
-1.61333
-1.66667
-1.57667
-1.63889
-1.61778
-1.64444
-1.63667
-1.59889
-1.64667
-1.61667
-1.66111
-1.58556
-1.62444
-1.66667
-1.67667
-1.61889
-1.62889
-1.66667
-1.66889
-1.59444
-1.65667
-1.66778
-1.60667
-1.57667
-1.60222
-1.67778
-1.7
-1.57444
-1.62
-1.60444
-1.62222
-1.67778
-1.66778
-1.63778
-1.64222
-1.62222
-1.66222
-1.59889
-1.62444
-1.60778
-1.63111
-1.65333
-1.58667
-1.62444
-1.63222
-1.63444
-1.66111
-1.70667
-1.62889
-1.57778
-1.62111
-1.63222
-1.66778
-1.60333
-1.61444
-1.59222
-1.57111
-1.68111
-1.60444
-1.65333
-1.64889
-1.52444
-1.65889
-1.57222
-1.54222
-1.65111
-1.66111
-1.68333
-1.63111
-1.59333
-1.66222
-1.64444
-1.60556
-1.63222
-1.66889
-1.66111
-1.65667
-1.65444
-1.67889
-1.67333
-1.67333
-1.65556
-1.64
-1.59
-1.55222
-1.59111
-1.67333
-1.70444
-1.61667
-1.64778
-1.67667
-1.61556
-1.61222
-1.59778
-1.62889
-1.61111
-1.63444
-1.57444
-1.61667
-1.65556
-1.59667
-1.66
-1.63778
-1.62222
-1.62444
-1.64222
-1.66778
-1.64333
-1.62778
-1.59667
-1.64889
-1.72333
-1.62444
-1.63333
-1.62778
-1.64556
-1.6
-1.59111
-1.67444
-1.66667
-1.61333
-1.61222
-1.58556
-1.6
-1.62
-1.58444
-1.6
-1.64667
-1.64111
-1.64444
-1.62111
-1.63556
-1.67667
-1.60222
-1.71111
-1.65222
-1.60111
-1.60556
-1.58778
-1.63667
-1.65889
-1.62222
-1.64111
-1.63444
-1.64444
-1.62
-1.66222
-1.67333
-1.67111
-1.67667
-1.60222
-1.61111
-1.66889
-1.59556
-1.60889
-1.70333
-1.56333
-1.64111
-1.63222
-1.65222
-1.67
-1.61444
-1.59111
-1.65556
-1.61444
-1.63333
-1.65778
-1.63778
-1.61667
-1.60222
-1.62667
-1.6
-1.62667
-1.70667
-1.62889
-1.64667
-1.59333
-1.64556
-1.62556
-1.64667
-1.63556
-1.63111
-1.64444
-1.65556
-1.63667
-1.59778
-1.61556
-1.61111
-1.65778
-1.58556
-1.62222
-1.60556
-1.65556
-1.66444
-1.65778
-1.61
-1.57778
-1.61889
-1.64778
-1.64333
-1.62667
-1.67
-1.65333
-1.65333
-1.70778
-1.61
-1.63889
-1.67444
-1.65444
-1.64889
-1.62667
-1.63222
-1.65
-1.60556
-1.59
-1.65778
-1.61111
-1.62667
-1.64
-1.61444
-1.58556
-1.59222
-1.62333
-1.67444
-1.67222
-1.67778
-1.64889
-1.62889
-1.57444
-1.61778
-1.63333
-1.64889
-1.67889
-1.64222
-1.63778
-1.63667
-1.66556
-1.62556
-1.63889
-1.64778
-1.66556
-1.63667
-1.67778
-1.51889
-1.63111
-1.64333
-1.71889
-1.64667
-1.67111
-1.68222
-1.63556
-1.71444
-1.57444
-1.64556
-1.66111
-1.59444
-1.66667
-1.64444
-1.61333
-1.63333
-1.64222
-1.56444
-1.63333
-1.54111
-1.59889
-1.66
-1.61889
-1.66444
-1.64444
-1.67
-1.63778
-1.69556
-1.62
-1.62111
-1.66
-1.58444
-1.62222
-1.65889
-1.60889
-1.66556
-1.58667
-1.65333
-1.66
-1.65778
-1.60667
-1.56556
-1.52444
-1.62333
-1.69333
-1.64
-1.62667
-1.59556
-1.59889
-1.63
-1.68556
-1.63667
-1.61889
-1.67556
-1.67667
-1.65889
-1.54889
-1.67556
-1.68111
-1.62556
-1.55778
-1.62222
-1.70222
-1.64556
-1.64222
-1.67222
-1.64444
-1.61
-1.59778
-1.50111
-1.64
-1.64556
-1.61889
-1.67889
-1.62889
-1.56111
-1.62
-1.65778
-1.64333
-1.59111
-1.67444
-1.64
-1.61
-1.69
-1.61333
-1.59111
-1.61778
-1.65667
-1.63444
-1.54444
-1.63889
-1.59667
-1.64444
-1.65222
-1.61667
-1.59667
-1.61111
-1.63667
-1.66444
-1.69889
-1.64111
-1.65
-1.69778
-1.68111
-1.64778
-1.66111
-1.68222
-1.61
-1.61556
-1.61778
-1.68333
-1.67
-1.62667
-1.69333
-1.64444
-1.61222
-1.54444
-1.64667
-1.60444
-1.61556
-1.67333
-1.62111
-1.63
-1.61667
-1.65111
-1.61667
-1.52
-1.63111
-1.63111
-1.60111
-1.6
-1.62
-1.66889
-1.63889
-1.64444
-1.66667
-1.57667
-1.58889
-1.59556
-1.63444
-1.61556
-1.64556
-1.62444
-1.66889
-1.59444
-1.67
-1.66222
-1.63556
-1.67222
-1.65333
-1.62667
-1.65778
-1.64556
-1.63778
-1.63111
-1.65667
-1.65889
-1.65222
-1.59667
-1.62333
-1.61667
-1.67333
-1.65222
-1.62889
-1.63333
-1.63333
-1.61444
-1.61111
-1.72
-1.63444
-1.62444
-1.65556
-1.68333
-1.57778
-1.67556
-1.66667
-1.63778
-1.57556
-1.60778
-1.62111
-1.61
-1.58222
-1.64778
-1.64889
-1.60556
-1.67556
-1.64111
-1.66222
-1.66111
-1.64444
-1.69333
-1.64
-1.57556
-1.59667
-1.65333
-1.61667
-1.61111
-1.61889
-1.69222
-1.57889
-1.66222
-1.55778
-1.57889
-1.61111
-1.65333
-1.55667
-1.66667
-1.59333
-1.63333
-1.64222
-1.61778
-1.63556
-1.56889
-1.56778
-1.61111
-1.67556
-1.67889
-1.62333
-1.61111
-1.59444
-1.65889
-1.57556
-1.63333
-1.62556
-1.67111
-1.64
-1.64556
-1.65333
-1.66778
-1.59111
-1.67333
-1.64778
-1.62889
-1.63778
-1.66
-1.67333
-1.67111
-1.63778
-1.67333
-1.65444
-1.64222
-1.65778
-1.63333
-1.63222
-1.65444
-1.61444
-1.67
-1.69333
-1.64333
-1.63556
-1.66556
-1.65778
-1.66333
-1.63222
-1.60778
-1.63111
-1.73333
-1.54889
-1.61556
-1.61222
-1.61556
-1.65444
-1.62222
-1.63889
-1.67222
-1.63444
-1.62889
-1.59778
-1.64889
-1.65778
-1.58
-1.60333
-1.61
-1.65778
-1.61444
-1.58111
-1.61333
-1.68778
-1.58222
-1.6
-1.57222
-1.64
-1.54
-1.57444
-1.59111
-1.63778
-1.62444
-1.68667
-1.59333
-1.7
-1.56222
-1.55444
-1.65
-1.62556
-1.69556
-1.65222
-1.58444
-1.68889
-1.67556
-1.68333
-1.67222
-1.65667
-1.65
-1.66889
-1.62889
-1.64667
-1.63667
-1.66667
-1.60111
-1.64556
-1.56333
-1.58111
-1.60222
-1.6
-1.6
-1.59556
-1.69556
-1.56778
-1.61444
-1.68111
-1.67111
-1.67444
-1.56444
-1.60889
-1.65111
-1.63222
-1.63
-1.69111
-1.60778
-1.67889
-1.63111
-1.69222
-1.59444
-1.61222
-1.66
-1.61667
-1.66111
-1.62333
-1.62444
-1.65667
-1.64667
-1.55778
-1.68
-1.64444
-1.61222
-1.64
-1.61444
-1.63556
-1.61556
-1.66889
-1.61333
-1.57889
-1.60333
-1.50556
-1.54333
-1.65111
-1.61444
-1.61333
-1.62889
-1.64556
-1.61556
-1.69778
-1.66222
-1.64889
-1.59667
-1.61778
-1.64778
-1.63333
-1.64556
-1.65556
-1.63111
-1.67444
-1.56667
-1.61556
-1.60556
-1.61778
-1.62778
-1.58333
-1.65
-1.62111
-1.65667
-1.63889
-1.66333
-1.64333
-1.59222
-1.59
-1.62222
-1.60778
-1.66667
-1.64222
-1.71
-1.67111
-1.66778
-1.6
-1.57111
-1.59222
-1.66667
-1.66444
-1.63556
-1.63111
-1.68
-1.66667
-1.62778
-1.58444
-1.62889
-1.66444
-1.63444
-1.70889
-1.63
-1.68111
-1.61444
-1.61556
-1.64556
-1.64111
-1.71889
-1.57667
-1.66556
-1.62778
-1.63778
-1.62556
-1.60444
-1.58333
-1.60222
-1.61
-1.63
-1.65
-1.64444
-1.62556
-1.63333
-1.64222
-1.63778
-1.52333
-1.61444
-1.61556
-1.60222
-1.61111
-1.58111
-1.60444
-1.65778
-1.59333
-1.62444
-1.58111
-1.61333
-1.63222
-1.64556
-1.63889
-1.61444
-1.63778
-1.70222
-1.67889
-1.65
-1.66111
-1.64889
-1.61333
-1.59778
-1.57222
-1.62778
-1.56444
-1.61444
-1.61
-1.68222
-1.6
-1.65111
-1.62889
-1.69556
-1.63444
-1.53222
-1.58222
-1.61667
-1.64222
-1.63667
-1.68667
-1.59222
-1.62667
-1.59667
-1.61222
-1.63667
-1.61
-1.67778
-1.62222
-1.63667
-1.66
-1.66333
-1.63444
-1.60667
-1.62778
-1.66667
-1.62333
-1.67111
-1.61222
-1.64222
-1.63222
-1.68444
-1.64222
-1.62556
-1.64889
-1.64111
-1.64
-1.67556
-1.60778
-1.66667
-1.62667
-1.61
-1.66222
-1.62667
-1.68
-1.65778
-1.62778
-1.60111
-1.61667
-1.66778
-1.63667
-1.65556
-1.59
-1.61444
-1.61111
-1.63222
-1.62222
-1.57556
-1.54333
-1.63
-1.57222
-1.64667
-1.55333
-1.68
-1.65222
-1.63
-1.67778
-1.55889
-1.58333
-1.57444
-1.63667
-1.60222
-1.63111
-1.62556
-1.66667
-1.63222
-1.63444
-1.59778
-1.58667
-1.71222
-1.64111
-1.56556
-1.63556
-1.63889
-1.57889
-1.61667
-1.64444
-1.59667
-1.65556
-1.61222
-1.59889
-1.61556
-1.63333
-1.65556
-1.64556
-1.64889
-1.65111
-1.62778
-1.65222
-1.62222
-1.65556
-1.60556
-1.65
-1.61222
-1.62889
-1.61444
-1.68222
-1.58222
-1.68111
-1.62889
-1.66222
-1.60889
-1.63111
-1.65
-1.60556
-1.67
-1.64444
-1.67222
-1.63778
-1.61889
-1.62222
-1.65
-1.57111
-1.67667
-1.67111
-1.66556
-1.55556
-1.66222
-1.66889
-1.58111
-1.67889
-1.66333
-1.59889
-1.66333
-1.68778
-1.60556
-1.64333
-1.69333
-1.63222
-1.62667
-1.64778
-1.61778
-1.63333
-1.63111
-1.65444
-1.61
-1.62222
-1.63
-1.66333
-1.63556
-1.60222
-1.63
-1.63222
-1.62889
-1.64889
-1.63444
-1.70667
-1.66
-1.59333
-1.64333
-1.60111
-1.65333
-1.62778
-1.64778
-1.67111
-1.57778
-1.59889
-1.63667
-1.59778
-1.61111
-1.67222
-1.66778
-1.62889
-1.59778
-1.67778
-1.63333
-1.60444
-1.68333
-1.70333
-1.62111
-1.67
-1.69667
-1.71444
-1.58333
-1.62667
-1.61778
-1.63444
-1.64444
-1.66
-1.62222
-1.66667
-1.61333
-1.59444
-1.65444
-1.61
-1.66778
-1.61
-1.61556
-1.71
-1.60778
-1.62222
-1.58556
-1.66667
-1.58889
-1.61778
-1.68444
-1.60667
-1.64556
-1.60667
-1.69333
-1.70889
-1.67111
-1.57667
-1.65889
-1.63778
-1.60222
-1.59667
-1.64444
-1.66111
-1.64667
-1.52444
-1.58333
-1.58222
-1.54111
-1.60333
-1.67667
-1.66556
-1.64333
-1.67556
-1.60667
-1.54444
-1.63333
-1.64
-1.61667
-1.61444
-1.67556
-1.65222
-1.62
-1.63444
-1.55111
-1.64222
-1.64778
-1.63333
-1.72222
-1.60222
-1.58778
-1.58111
-1.58333
-1.59889
-1.63
-1.61778
-1.62111
-1.58778
-1.64444
-1.60222
-1.56778
-1.66
-1.61111
-1.68556
-1.63889
-1.72444
-1.66222
-1.56
-1.65667
-1.66333
-1.64333
-1.64556
-1.57556
-1.60667
-1.61222
-1.60333
-1.66556
-1.65333
-1.58222
-1.65
-1.60222
-1.61222
-1.70667
-1.61444
-1.60333
-1.60778
-1.63889
-1.57556
-1.63111
-1.68222
-1.62222
-1.57
-1.64667
-1.63778
-1.53111
-1.67778
-1.68889
-1.67
-1.58
-1.62444
-1.56778
-1.56444
-1.61778
-1.62
-1.63
-1.58
-1.65778
-1.52
-1.67111
-1.61778
-1.61
-1.65556
-1.67333
-1.63444
-1.61333
-1.60778
-1.70778
-1.66667
-1.63
-1.68667
-1.66111
-1.62
-1.61778
-1.60333
-1.69333
-1.68111
-1.62556
-1.62111
-1.63778
-1.60889
-1.65333
-1.61667
-1.64
-1.60111
-1.68333
-1.59333
-1.63
-1.62667
-1.69778
-1.65778
-1.64778
-1.59889
-1.60556
-1.49111
-1.65889
-1.62444
-1.58444
-1.64333
-1.59444
-1.69222
-1.62333
-1.58111
-1.57556
-1.66111
-1.62778
-1.68889
-1.56778
-1.65333
-1.67667
-1.53444
-1.63667
-1.61778
-1.65444
-1.63444
-1.63111
-1.63667
-1.60333
-1.69556
-1.63889
-1.67333
-1.60889
-1.55556
-1.58444
-1.66556
-1.64
-1.63111
-1.65
-1.69111
-1.65889
-1.60778
-1.66889
-1.62444
-1.68333
-1.69556
-1.63444
-1.58667
-1.63556
-1.68556
-1.68556
-1.65556
-1.64889
-1.58889
-1.62444
-1.65
-1.57667
-1.63444
-1.60333
-1.61444
-1.66444
-1.61778
-1.62111
-1.64667
-1.61
-1.64778
-1.59889
-1.61222
-1.66222
-1.61667
-1.60222
-1.69667
-1.64333
-1.66889
-1.59667
-1.66444
-1.60444
-1.65667
-1.63333
-1.60778
-1.54778
-1.62
-1.58111
-1.62
-1.64
-1.58
-1.65222
-1.62444
-1.61889
-1.63333
-1.59778
-1.57222
-1.64222
-1.69111
-1.69222
-1.62111
-1.64556
-1.65444
-1.53556
-1.64111
-1.62556
-1.53111
-1.62556
-1.64444
-1.61667
-1.65
-1.60667
-1.64333
-1.63444
-1.62667
-1.66778
-1.57556
-1.71111
-1.62444
-1.55111
-1.59111
-1.63667
-1.63444
-1.64778
-1.63111
-1.66111
-1.62111
-1.65889
-1.61333
-1.67222
-1.60778
-1.62333
-1.65222
-1.61444
-1.54
-1.62444
-1.65667
-1.63778
-1.62889
-1.69
-1.67222
-1.59
-1.59111
-1.60222
-1.61333
-1.63556
-1.65
-1.63444
-1.64889
-1.63667
-1.69111
-1.63333
-1.61222
-1.66333
-1.68444
-1.63556
-1.62778
-1.67667
-1.65111
-1.68111
-1.63444
-1.62222
-1.69556
-1.69111
-1.63667
-1.62
-1.67778
-1.59667
-1.67
-1.62333
-1.67444
-1.69222
-1.65778
-1.53222
-1.68
-1.58889
-1.63222
-1.62222
-1.62
-1.60556
-1.66667
-1.58111
-1.64556
-1.61889
-1.62667
-1.63333
-1.64222
-1.68444
-1.59444
-1.64889
-1.62333
-1.57
-1.62889
-1.64444
-1.68889
-1.69222
-1.63889
-1.59111
-1.65556
-1.54889
-1.70889
-1.63333
-1.62556
-1.61111
-1.58333
-1.64889
-1.63444
-1.62889
-1.65111
-1.70333
-1.63889
-1.69333
-1.67889
-1.61333
-1.65222
-1.67444
-1.59444
-1.60444
-1.62444
-1.64667
-1.65778
-1.60556
-1.62667
-1.61667
-1.67889
-1.59556
-1.60333
-1.66556
-1.62222
-1.60889
-1.65333
-1.61556
-1.65667
-1.66444
-1.60111
-1.67889
-1.66667
-1.68778
-1.67222
-1.61889
-1.63333
-1.67889
-1.63444
-1.65556
-1.58
-1.66556
-1.60889
-1.66889
-1.68222
-1.64111
-1.56111
-1.64333
-1.67111
-1.60667
-1.65222
-1.57889
-1.66556
-1.58778
-1.67778
-1.62444
-1.61
-1.62333
-1.62333
-1.6
-1.66889
-1.61333
-1.55889
-1.67556
-1.62778
-1.57778
-1.57
-1.57667
-1.60778
-1.63778
-1.66667
-1.64889
-1.63111
-1.59222
-1.63778
-1.65444
-1.63778
-1.60444
-1.62333
-1.59333
-1.69
-1.59
-1.59333
-1.62667
-1.65111
-1.60111
-1.61333
-1.67778
-1.68889
-1.61333
-1.63778
-1.61556
-1.58111
-1.54222
-1.67333
-1.64778
-1.53889
-1.60444
-1.61778
-1.68778
-1.59556
-1.57111
-1.56778
-1.63444
-1.59222
-1.57667
-1.59222
-1.60111
-1.62333
-1.60444
-1.63667
-1.68222
-1.60222
-1.65778
-1.60444
-1.62333
-1.68111
-1.63667
-1.61111
-1.66556
-1.63111
-1.68889
-1.55889
-1.65889
-1.56667
-1.56111
-1.65889
-1.58
-1.59667
-1.60889
-1.68667
-1.63667
-1.69111
-1.66667
-1.66333
-1.59889
-1.62556
-1.62556
-1.62111
-1.65222
-1.63111
-1.61333
-1.63222
-1.68444
-1.62111
-1.60667
-1.66778
-1.66889
-1.63889
-1.60111
-1.7
-1.61778
-1.68222
-1.62
-1.66778
-1.59778
-1.63111
-1.69111
-1.67333
-1.64556
-1.63333
-1.60444
-1.62667
-1.66222
-1.63667
-1.60222
-1.65667
-1.68
-1.67556
-1.63889
-1.62
-1.59
-1.65111
-1.65667
-1.65333
-1.59667
-1.62444
-1.63222
-1.66
-1.67778
-1.67333
-1.65
-1.59889
-1.65556
-1.52889
-1.59556
-1.67889
-1.61778
-1.60889
-1.65889
-1.57889
-1.6
-1.65667
-1.56889
-1.58111
-1.57
-1.57667
-1.61
-1.56778
-1.64
-1.64667
-1.61778
-1.63222
-1.64111
-1.63556
-1.61111
-1.69444
-1.63111
-1.60333
-1.56667
-1.56667
-1.58
-1.65444
-1.67
-1.63222
-1.58333
-1.60111
-1.65556
-1.70222
-1.68667
-1.63889
-1.69667
-1.64222
-1.72333
-1.62778
-1.61889
-1.67556
-1.64444
-1.63556
-1.62
-1.67667
-1.59222
-1.60889
-1.59111
-1.67333
-1.65444
-1.57667
-1.58222
-1.66778
-1.68222
-1.62333
-1.59
-1.59
-1.61778
-1.67
-1.64111
-1.69333
-1.60111
-1.69
-1.65
-1.64111
-1.71889
-1.58222
-1.66222
-1.61111
-1.59111
-1.64556
-1.63111
-1.62556
-1.63333
-1.63667
-1.63333
-1.57333
-1.60667
-1.60556
-1.57889
-1.66444
-1.65889
-1.62556
-1.61667
-1.66111
-1.63111
-1.57111
-1.64111
-1.62556
-1.65667
-1.65889
-1.62333
-1.61111
-1.67778
-1.59556
-1.67444
-1.62111
-1.63889
-1.59667
-1.64
-1.59778
-1.64889
-1.61
-1.69778
-1.64222
-1.57444
-1.60444
-1.64778
-1.63111
-1.69111
-1.62889
-1.64556
-1.62667
-1.56222
-1.62333
-1.56889
-1.62111
-1.62
-1.64667
-1.57
-1.66222
-1.66778
-1.64333
-1.66556
-1.59778
-1.68556
-1.60889
-1.60333
-1.61667
-1.58333
-1.64778
-1.57333
-1.67778
-1.53667
-1.69889
-1.62778
-1.70889
-1.62556
-1.59444
-1.54889
-1.61889
-1.62444
-1.58889
-1.63222
-1.61444
-1.67444
-1.63444
-1.63
-1.64889
-1.61111
-1.56889
-1.64667
-1.65556
-1.64556
-1.63222
-1.62889
-1.62889
-1.65333
-1.60444
-1.67222
-1.63444
-1.57889
-1.57667
-1.62778
-1.59556
-1.59556
-1.61
-1.62556
-1.7
-1.61667
-1.64
-1.63111
-1.62778
-1.60444
-1.69444
-1.66222
-1.60556
-1.64444
-1.65667
-1.64111
-1.58111
-1.56667
-1.61444
-1.62889
-1.59
-1.62
-1.59333
-1.57
-1.60556
-1.64889
-1.60889
-1.63333
-1.64556
-1.65556
-1.68222
-1.66333
-1.65333
-1.61889
-1.64
-1.60444
-1.61
-1.63111
-1.64556
-1.54889
-1.65111
-1.55889
-1.55222
-1.53778
-1.58556
-1.62778
-1.64111
-1.61444
-1.59111
-1.62111
-1.69333
-1.63556
-1.65333
-1.59
-1.69
-1.54889
-1.59444
-1.63667
-1.58667
-1.69667
-1.63444
-1.67333
-1.59111
-1.69444
-1.60778
-1.66778
-1.55444
-1.57667
-1.58889
-1.61667
-1.57222
-1.57333
-1.65667
-1.63778
-1.62778
-1.58667
-1.69889
-1.61778
-1.57778
-1.61889
-1.60111
-1.63333
-1.64667
-1.63
-1.62889
-1.56667
-1.63111
-1.61333
-1.55667
-1.66667
-1.56333
-1.66111
-1.63444
-1.63778
-1.61333
-1.59556
-1.68778
-1.59222
-1.62778
-1.66889
-1.69778
-1.63889
-1.58778
-1.66556
-1.62444
-1.57667
-1.62222
-1.65778
-1.59667
-1.67
-1.68889
-1.60556
-1.67333
-1.62111
-1.66222
-1.65444
-1.64
-1.64111
-1.64667
-1.66
-1.64444
-1.65556
-1.60778
-1.61556
-1.63
-1.68556
-1.64667
-1.63222
-1.60667
-1.68333
-1.62111
-1.59
-1.51333
-1.60222
-1.61778
-1.63667
-1.64778
-1.62556
-1.63556
-1.61556
-1.61778
-1.61667
-1.67444
-1.56889
-1.66111
-1.63778
-1.60556
-1.61667
-1.63667
-1.60778
-1.62222
-1.63778
-1.66111
-1.59
-1.63
-1.64333
-1.64
-1.60444
-1.63667
-1.65556
-1.66222
-1.56111
-1.68222
-1.59778
-1.67667
-1.60111
-1.66556
-1.58
-1.59889
-1.60111
-1.69444
-1.55889
-1.63333
-1.63889
-1.68111
-1.65889
-1.66333
-1.59
-1.63778
-1.65667
-1.61667
-1.62667
-1.58111
-1.67444
-1.57111
-1.65667
-1.62667
-1.56889
-1.63444
-1.60778
-1.63333
-1.63889
-1.66889
-1.66556
-1.63556
-1.65556
-1.66556
-1.62667
-1.62444
-1.65778
-1.63667
-1.63889
-1.67222
-1.65
-1.64667
-1.59444
-1.58889
-1.65111
-1.64111
-1.61
-1.61778
-1.63667
-1.67333
-1.58889
-1.60444
-1.67556
-1.56778
-1.64111
-1.62889
-1.61778
-1.67778
-1.57444
-1.64556
-1.61778
-1.6
-1.63889
-1.62778
-1.62111
-1.61333
-1.65
-1.67889
-1.55222
-1.63222
-1.56333
-1.50667
-1.63667
-1.58111
-1.62889
-1.64889
-1.58556
-1.62111
-1.64333
-1.63556
-1.65444
-1.58444
-1.75111
-1.61556
-1.57333
-1.65222
-1.62111
-1.56889
-1.61222
-1.65444
-1.7
-1.68222
-1.58889
-1.64778
-1.61222
-1.60667
-1.66778
-1.58333
-1.59222
-1.63222
-1.59333
-1.73889
-1.64778
-1.57111
-1.66222
-1.66
-1.61
-1.65667
-1.68111
-1.67444
-1.63222
-1.65111
-1.62667
-1.62222
-1.61
-1.65222
-1.7
-1.62333
-1.59444
-1.69556
-1.55667
-1.67333
-1.62667
-1.66889
-1.62111
-1.69222
-1.64
-1.62444
-1.65889
-1.65889
-1.68889
-1.65444
-1.60444
-1.67889
-1.57111
-1.67
-1.60556
-1.64
-1.65556
-1.64
-1.62222
-1.62667
-1.63667
-1.56111
-1.65333
-1.62556
-1.59222
-1.65222
-1.61111
-1.59444
-1.67333
-1.60556
-1.66778
-1.61
-1.58444
-1.63111
-1.56444
-1.61556
-1.63556
-1.68444
-1.64222
-1.63
-1.62667
-1.65667
-1.67
-1.64333
-1.67667
-1.62
-1.60444
-1.56889
-1.63444
-1.65222
-1.70889
-1.66333
-1.66222
-1.66778
-1.60889
-1.60667
-1.65556
-1.61
-1.65
-1.65889
-1.63444
-1.64667
-1.56889
-1.64889
-1.60778
-1.64
-1.61667
-1.64444
-1.66444
-1.58889
-1.62333
-1.61333
-1.64222
-1.61667
-1.60222
-1.67222
-1.62778
-1.65778
-1.66111
-1.63889
-1.64111
-1.66889
-1.60444
-1.67333
-1.65333
-1.60444
-1.66111
-1.65556
-1.65
-1.61222
-1.68778
-1.60222
-1.64444
-1.64
-1.60889
-1.59111
-1.68
-1.58667
-1.66667
-1.61
-1.60222
-1.67556
-1.57222
-1.66889
-1.59778
-1.64333
-1.70778
-1.71556
-1.63889
-1.59111
-1.66333
-1.63444
-1.66222
-1.65222
-1.62778
-1.57333
-1.70111
-1.65444
-1.63778
-1.62222
-1.62667
-1.63667
-1.58333
-1.59556
-1.63
-1.66889
-1.67222
-1.62778
-1.59444
-1.66667
-1.59
-1.59556
-1.60111
-1.66333
-1.59889
-1.66444
-1.60556
-1.63333
-1.63
-1.61889
-1.57778
-1.65889
-1.54
-1.55222
-1.66556
-1.62111
-1.57444
-1.58222
-1.64111
-1.63778
-1.58444
-1.62556
-1.66556
-1.59222
-1.62333
-1.64
-1.64111
-1.56333
-1.62889
-1.60444
-1.68
-1.60444
-1.64667
-1.61889
-1.63
-1.61444
-1.64778
-1.63
-1.62556
-1.62111
-1.59
-1.55111
-1.62667
-1.64
-1.63444
-1.54
-1.70111
-1.68778
-1.63444
-1.65333
-1.59889
-1.60778
-1.69111
-1.66778
-1.57333
-1.62111
-1.64667
-1.65667
-1.58
-1.61333
-1.65222
-1.62778
-1.60778
-1.70556
-1.61778
-1.64111
-1.67333
-1.62667
-1.53667
-1.63111
-1.63
-1.62556
-1.64333
-1.61889
-1.56667
-1.61222
-1.62778
-1.63444
-1.61444
-1.64333
-1.65556
-1.65667
-1.65222
-1.63444
-1.64333
-1.57556
-1.64111
-1.57333
-1.59
-1.59
-1.64556
-1.65222
-1.59222
-1.67667
-1.62444
-1.61333
-1.6
-1.64
-1.62889
-1.64889
-1.64111
-1.61778
-1.59444
-1.63222
-1.59111
-1.64778
-1.65111
-1.68111
-1.61889
-1.65222
-1.64333
-1.60111
-1.62444
-1.58333
-1.60889
-1.68
-1.58778
-1.63222
-1.62
-1.62111
-1.64222
-1.68222
-1.60778
-1.63444
-1.63222
-1.66111
-1.65222
-1.67667
-1.66889
-1.59667
-1.60778
-1.64
-1.67
-1.64778
-1.66556
-1.67333
-1.61889
-1.65333
-1.62556
-1.64889
-1.70222
-1.65111
-1.57222
-1.58
-1.67667
-1.68
-1.62778
-1.65444
-1.68
-1.64333
-1.63111
-1.62778
-1.68333
-1.59111
-1.60667
-1.65111
-1.66889
-1.66333
-1.61333
-1.60111
-1.65889
-1.65222
-1.69
-1.64222
-1.64
-1.63889
-1.59889
-1.59889
-1.64556
-1.61333
-1.65556
-1.65
-1.61556
-1.58
-1.62778
-1.63556
-1.59333
-1.67
-1.58333
-1.63222
-1.61778
-1.53222
-1.64333
-1.63778
-1.64222
-1.68889
-1.61222
-1.68444
-1.65444
-1.66444
-1.65
-1.58889
-1.67
-1.63444
-1.61667
-1.69667
-1.56444
-1.57
-1.58333
-1.65222
-1.58778
-1.62222
-1.62333
-1.66444
-1.66222
-1.68222
-1.60667
-1.60556
-1.63667
-1.55556
-1.63222
-1.66667
-1.59889
-1.66778
-1.61778
-1.61778
-1.63
-1.62556
-1.66444
-1.67889
-1.67444
-1.64
-1.57667
-1.66222
-1.64222
-1.55667
-1.55444
-1.64778
-1.62222
-1.69444
-1.57667
-1.65333
-1.59667
-1.60333
-1.61889
-1.70778
-1.64667
-1.66889
-1.62
-1.62333
-1.62222
-1.68333
-1.60222
-1.61111
-1.61556
-1.60444
-1.66556
-1.61556
-1.66
-1.59
-1.61111
-1.66111
-1.62778
-1.63667
-1.59667
-1.67444
-1.57333
-1.59667
-1.63667
-1.61
-1.60111
-1.58889
-1.61222
-1.68889
-1.58222
-1.64222
-1.66222
-1.63778
-1.69444
-1.63444
-1.66222
-1.59556
-1.63889
-1.63556
-1.71667
-1.63222
-1.70111
-1.64
-1.64
-1.62778
-1.58556
-1.54444
-1.64222
-1.6
-1.67778
-1.62667
-1.59444
-1.66
-1.61889
-1.70222
-1.59111
-1.68
-1.67222
-1.59556
-1.59111
-1.7
-1.65889
-1.66333
-1.66556
-1.60222
-1.66444
-1.70667
-1.66333
-1.65778
-1.63667
-1.67556
-1.60222
-1.61556
-1.62333
-1.59889
-1.59111
-1.54444
-1.67
-1.61667
-1.62667
-1.68111
-1.63778
-1.65111
-1.58111
-1.62111
-1.64667
-1.62778
-1.59111
-1.61889
-1.60667
-1.59778
-1.66222
-1.66444
-1.57889
-1.62222
-1.67333
-1.64444
-1.64556
-1.60222
-1.56111
-1.62778
-1.64
-1.61111
-1.62667
-1.63444
-1.67889
-1.62667
-1.6
-1.63556
-1.61444
-1.58444
-1.66889
-1.64889
-1.62556
-1.64667
-1.66111
-1.58556
-1.63
-1.63778
-1.57444
-1.67
-1.62556
-1.63333
-1.71
-1.60889
-1.65
-1.60111
-1.61778
-1.67889
-1.63667
-1.58667
-1.57889
-1.62444
-1.59444
-1.62778
-1.63889
-1.69111
-1.62667
-1.65333
-1.65444
-1.65111
-1.56222
-1.69
-1.58333
-1.65556
-1.61333
-1.60333
-1.63111
-1.59889
-1.59444
-1.61556
-1.56333
-1.65778
-1.62889
-1.64444
-1.63222
-1.54444
-1.64444
-1.63
-1.63556
-1.66444
-1.68778
-1.59556
-1.62556
-1.59111
-1.60667
-1.65333
-1.64667
-1.69333
-1.68333
-1.60778
-1.63556
-1.66778
-1.63444
-1.59778
-1.63111
-1.65222
-1.55889
-1.61444
-1.59222
-1.64889
-1.62333
-1.63
-1.67111
-1.58667
-1.64
-1.57889
-1.66778
-1.66889
-1.64
-1.57111
-1.65444
-1.6
-1.69889
-1.70889
-1.61667
-1.66667
-1.65667
-1.65
-1.61444
-1.69444
-1.62667
-1.58889
-1.59
-1.65889
-1.65111
-1.59222
-1.60444
-1.64667
-1.68111
-1.57444
-1.65889
-1.63333
-1.63778
-1.68111
-1.59778
-1.58222
-1.58
-1.68333
-1.66111
-1.61111
-1.62
-1.67556
-1.66222
-1.61111
-1.63222
-1.62556
-1.72333
-1.60111
-1.63778
-1.61111
-1.68556
-1.57889
-1.63444
-1.67
-1.67222
-1.63444
-1.63889
-1.7
-1.69556
-1.62222
-1.63778
-1.64444
-1.57111
-1.66667
-1.59
-1.58778
-1.61111
-1.59778
-1.58333
-1.62444
-1.62222
-1.66222
-1.62556
-1.64333
-1.66222
-1.65
-1.65889
-1.62889
-1.62667
-1.61556
-1.68
-1.59556
-1.59
-1.66889
-1.67889
-1.60444
-1.62111
-1.58333
-1.65667
-1.61667
-1.58111
-1.64889
-1.62
-1.64889
-1.68111
-1.68
-1.70222
-1.65778
-1.63667
-1.54556
-1.56556
-1.55333
-1.62111
-1.62111
-1.57667
-1.60889
-1.68333
-1.65889
-1.64333
-1.62111
-1.6
-1.70556
-1.68889
-1.60889
-1.58667
-1.64
-1.62889
-1.66778
-1.57556
-1.63444
-1.64667
-1.67444
-1.61778
-1.68889
-1.65667
-1.65222
-1.57889
-1.65889
-1.65111
-1.65333
-1.59111
-1.67889
-1.61667
-1.63444
-1.66222
-1.64778
-1.66222
-1.62333
-1.66333
-1.65444
-1.65556
-1.65667
-1.60778
-1.61778
-1.62
-1.62667
-1.60333
-1.63778
-1.62222
-1.65
-1.68778
-1.66222
-1.70556
-1.67333
-1.63
-1.54556
-1.66556
-1.59111
-1.62667
-1.61333
-1.65667
-1.61667
-1.68444
-1.61556
-1.7
-1.62222
-1.62222
-1.57778
-1.57
-1.62111
-1.66222
-1.69556
-1.66
-1.61556
-1.66444
-1.63667
-1.57778
-1.61333
-1.67222
-1.59
-1.65
-1.62667
-1.62667
-1.66
-1.63111
-1.62111
-1.66333
-1.60556
-1.65556
-1.59778
-1.68
-1.63667
-1.65
-1.63556
-1.63222
-1.65
-1.57889
-1.68111
-1.56889
-1.56
-1.62222
-1.64889
-1.63889
-1.62667
-1.62111
-1.64889
-1.67889
-1.67222
-1.61222
-1.66667
-1.58778
-1.62889
-1.61556
-1.62667
-1.55667
-1.58111
-1.60222
-1.66889
-1.60222
-1.63444
-1.58556
-1.64667
-1.66
-1.61111
-1.69222
-1.70111
-1.7
-1.60556
-1.62889
-1.67889
-1.64778
-1.65222
-1.59444
-1.64778
-1.63556
-1.65444
-1.56778
-1.61111
-1.63889
-1.61889
-1.68667
-1.60889
-1.59333
-1.69222
-1.60333
-1.61333
-1.62889
-1.63889
-1.66111
-1.61444
-1.58556
-1.59333
-1.62
-1.59222
-1.63
-1.63556
-1.62667
-1.64222
-1.61778
-1.58556
-1.57778
-1.58556
-1.58444
-1.63333
-1.64444
-1.65444
-1.59667
-1.61
-1.7
-1.63444
-1.66444
-1.57111
-1.64444
-1.67889
-1.63444
-1.64556
-1.72111
-1.61111
-1.59444
-1.63556
-1.69778
-1.67444
-1.6
-1.67333
-1.62889
-1.66556
-1.64222
-1.63222
-1.58444
-1.62444
-1.64333
-1.63222
-1.63
-1.58111
-1.62222
-1.61667
-1.65
-1.65222
-1.62
-1.64444
-1.66333
-1.68222
-1.68444
-1.67778
-1.64556
-1.62778
-1.69778
-1.63778
-1.63
-1.56889
-1.66222
-1.67556
-1.61889
-1.61778
-1.60444
-1.55889
-1.56111
-1.67
-1.65556
-1.63333
-1.66444
-1.62778
-1.67889
-1.59222
-1.61778
-1.57778
-1.66556
-1.58111
-1.58556
-1.62667
-1.58889
-1.65556
-1.63667
-1.57
-1.66889
-1.59889
-1.59889
-1.65111
-1.56333
-1.67778
-1.64333
-1.66222
-1.66778
-1.66667
-1.60556
-1.58444
-1.62778
-1.57444
-1.63
-1.67667
-1.66444
-1.66778
-1.68444
-1.61444
-1.66556
-1.57111
-1.65667
-1.69222
-1.64222
-1.65
-1.6
-1.63667
-1.60889
-1.67
-1.62111
-1.54556
-1.56556
-1.62556
-1.62333
-1.60333
-1.61444
-1.64333
-1.62
-1.69556
-1.66667
-1.65444
-1.64
-1.66556
-1.56778
-1.66333
-1.62
-1.64222
-1.66556
-1.64556
-1.59556
-1.64
-1.58889
-1.64111
-1.50889
-1.57778
-1.67667
-1.55556
-1.61667
-1.60778
-1.60778
-1.63
-1.58889
-1.65111
-1.66889
-1.68333
-1.60667
-1.62111
-1.65444
-1.55778
-1.63333
-1.67111
-1.63778
-1.67444
-1.62889
-1.58222
-1.68556
-1.61
-1.64667
-1.65111
-1.66778
-1.63222
-1.65222
-1.60111
-1.63778
-1.64333
-1.60222
-1.62333
-1.64667
-1.65556
-1.62
-1.63444
-1.63444
-1.61444
-1.68778
-1.66
-1.68667
-1.63111
-1.64444
-1.73667
-1.61333
-1.67667
-1.62222
-1.60556
-1.64444
-1.65333
-1.64222
-1.59556
-1.60444
-1.59778
-1.65333
-1.68444
-1.61222
-1.59889
-1.62111
-1.69444
-1.60111
-1.66333
-1.60556
-1.60778
-1.63222
-1.57111
-1.62556
-1.64889
-1.61333
-1.62778
-1.60889
-1.61667
-1.63889
-1.60333
-1.60667
-1.60889
-1.63333
-1.68333
-1.60222
-1.65111
-1.56333
-1.59667
-1.65778
-1.63444
-1.63778
-1.62556
-1.62111
-1.64778
-1.62778
-1.59111
-1.69222
-1.67
-1.65778
-1.60333
-1.66667
-1.67444
-1.66889
-1.62
-1.63333
-1.62
-1.67778
-1.64444
-1.68333
-1.65111
-1.60444
-1.66889
-1.69
-1.57333
-1.64556
-1.64333
-1.70333
-1.64778
-1.59667
-1.60667
-1.62111
-1.59333
-1.65111
-1.58889
-1.64778
-1.61333
-1.63778
-1.68778
-1.58
-1.57556
-1.68
-1.63556
-1.62222
-1.60222
-1.59444
-1.69111
-1.68778
-1.69556
-1.63889
-1.59778
-1.57222
-1.63556
-1.65778
-1.65111
-1.61444
-1.61
-1.65778
-1.66556
-1.61667
-1.63111
-1.64333
-1.50778
-1.66778
-1.62444
-1.57111
-1.64889
-1.62778
-1.60333
-1.63556
-1.65111
-1.68111
-1.61889
-1.62
-1.63222
-1.63111
-1.61667
-1.51667
-1.63333
-1.61889
-1.66889
-1.64111
-1.61778
-1.54889
-1.67
-1.66444
-1.64222
-1.69444
-1.63444
-1.62444
-1.65111
-1.64222
-1.66556
-1.57556
-1.67667
-1.65333
-1.67889
-1.61556
-1.66444
-1.67556
-1.61778
-1.61444
-1.59444
-1.61667
-1.64778
-1.65778
-1.63667
-1.60667
-1.63889
-1.67333
-1.64222
-1.58111
-1.63444
-1.61556
-1.64556
-1.59
-1.65667
-1.54889
-1.65222
-1.65667
-1.63889
-1.63
-1.57222
-1.63111
-1.64889
-1.68444
-1.61667
-1.61889
-1.59333
-1.57778
-1.60667
-1.50444
-1.63556
-1.66778
-1.63
-1.59111
-1.59222
-1.61556
-1.67
-1.61111
-1.65889
-1.69333
-1.58333
-1.66556
-1.59778
-1.65222
-1.61
-1.6
-1.63667
-1.68444
-1.55111
-1.64444
-1.60222
-1.60444
-1.69778
-1.62889
-1.65222
-1.58444
-1.58556
-1.66
-1.62222
-1.52556
-1.61556
-1.64667
-1.59111
-1.62889
-1.64556
-1.65889
-1.59778
-1.59444
-1.63222
-1.68667
-1.59444
-1.58667
-1.62667
-1.59333
-1.61333
-1.64444
-1.57667
-1.64
-1.58333
-1.67889
-1.61
-1.62
-1.64889
-1.67667
-1.64889
-1.69111
-1.58889
-1.58889
-1.64333
-1.63333
-1.59667
-1.61
-1.60111
-1.63222
-1.62
-1.62889
-1.66667
-1.58556
-1.64556
-1.69333
-1.66889
-1.57444
-1.62889
-1.68444
-1.60444
-1.63111
-1.65111
-1.64667
-1.59778
-1.63
-1.57111
-1.58111
-1.67444
-1.65111
-1.61889
-1.65222
-1.63111
-1.65444
-1.68556
-1.56667
-1.61111
-1.67222
-1.62444
-1.63667
-1.65889
-1.65222
-1.62222
-1.62667
-1.65778
-1.71
-1.61333
-1.61556
-1.60778
-1.63889
-1.60556
-1.65444
-1.61333
-1.63889
-1.65333
-1.67778
-1.66667
-1.61111
-1.60222
-1.62111
-1.52222
-1.68333
-1.67556
-1.63444
-1.59333
-1.64333
-1.61222
-1.58
-1.62111
-1.65222
-1.61778
-1.65
-1.68333
-1.62889
-1.59
-1.55444
-1.63
-1.67222
-1.69778
-1.60111
-1.66333
-1.65778
-1.58778
-1.63889
-1.62444
-1.59222
-1.61556
-1.66667
-1.63
-1.60333
-1.66556
-1.57222
-1.61889
-1.61
-1.63889
-1.53333
-1.60556
-1.72556
-1.62444
-1.63
-1.64222
-1.64667
-1.62778
-1.67556
-1.6
-1.63333
-1.59
-1.54667
-1.63
-1.69333
-1.69333
-1.66667
-1.61889
-1.67444
-1.64333
-1.63778
-1.56
-1.58889
-1.62111
-1.58778
-1.59667
-1.62778
-1.61778
-1.62556
-1.68222
-1.61889
-1.58778
-1.64556
-1.66889
-1.66889
-1.63889
-1.60778
-1.58556
-1.61
-1.62556
-1.65
-1.62889
-1.62
-1.69111
-1.72111
-1.64222
-1.59111
-1.64
-1.60444
-1.62222
-1.63667
-1.64556
-1.67111
-1.64
-1.62444
-1.58111
-1.62778
-1.62444
-1.60667
-1.69556
-1.55111
-1.66556
-1.58333
-1.61889
-1.61667
-1.65111
-1.59889
-1.62556
-1.58444
-1.63444
-1.66111
-1.61778
-1.61333
-1.63222
-1.63889
-1.64
-1.54
-1.62444
-1.65556
-1.56111
-1.60889
-1.63222
-1.68333
-1.65889
-1.64111
-1.62
-1.71222
-1.58111
-1.67444
-1.64778
-1.63556
-1.67889
-1.69444
-1.68889
-1.71111
-1.62667
-1.67333
-1.65556
-1.59889
-1.68667
-1.67556
-1.68667
-1.65889
-1.67333
-1.73111
-1.67222
-1.58889
-1.70778
-1.67778
-1.60444
-1.55556
-1.64667
-1.64
-1.62444
-1.61889
-1.65889
-1.64889
-1.67111
-1.59333
-1.62333
-1.68
-1.62889
-1.67667
-1.63667
-1.59778
-1.62667
-1.61889
-1.60333
-1.67667
-1.63444
-1.60778
-1.68222
-1.65333
-1.64444
-1.62667
-1.63778
-1.62444
-1.61556
-1.63556
-1.60222
-1.66778
-1.67444
-1.62111
-1.61667
-1.64444
-1.62111
-1.66
-1.62556
-1.70889
-1.66
-1.58
-1.66667
-1.67111
-1.66111
-1.64111
-1.59556
-1.65111
-1.64
-1.60111
-1.64222
-1.67222
-1.66889
-1.59222
-1.70111
-1.63444
-1.64556
-1.59889
-1.64444
-1.58667
-1.65556
-1.63
-1.62889
-1.58889
-1.60556
-1.61222
-1.57444
-1.59
-1.57667
-1.61778
-1.67222
-1.69111
-1.64667
-1.66333
-1.62111
-1.60889
-1.57333
-1.58111
-1.68889
-1.66222
-1.58778
-1.66556
-1.60778
-1.59778
-1.69111
-1.62889
-1.63556
-1.63889
-1.62889
-1.66222
-1.67556
-1.60889
-1.66333
-1.59889
-1.61222
-1.66889
-1.63333
-1.65222
-1.69
-1.62222
-1.63111
-1.63
-1.62889
-1.68778
-1.63889
-1.67111
-1.62333
-1.61556
-1.63
-1.63
-1.56222
-1.63
-1.68222
-1.58556
-1.63111
-1.66222
-1.67556
-1.67222
-1.66
-1.65556
-1.62444
-1.64333
-1.64222
-1.67778
-1.65
-1.57778
-1.61444
-1.68111
-1.63333
-1.63333
-1.56333
-1.64333
-1.61889
-1.58444
-1.72889
-1.66111
-1.68
-1.63667
-1.44667
-1.63667
-1.64111
-1.65
-1.63111
-1.63556
-1.65778
-1.68889
-1.68667
-1.62778
-1.64889
-1.57111
-1.58667
-1.65778
-1.64111
-1.66444
-1.63222
-1.63444
-1.6
-1.58556
-1.59556
-1.62889
-1.63444
-1.63222
-1.66
-1.66
-1.66333
-1.57556
-1.64667
-1.59444
-1.64778
-1.63333
-1.61222
-1.57333
-1.66667
-1.65556
-1.64667
-1.66111
-1.67222
-1.66333
-1.63778
-1.66778
-1.66889
-1.59222
-1.64889
-1.63333
-1.63
-1.64222
-1.58333
-1.58444
-1.62667
-1.65889
-1.61222
-1.71556
-1.62222
-1.60778
-1.63667
-1.64444
-1.69222
-1.61444
-1.61889
-1.60667
-1.66222
-1.62889
-1.60333
-1.63667
-1.60333
-1.66333
-1.63444
-1.57444
-1.63556
-1.52889
-1.61111
-1.66222
-1.58889
-1.57222
-1.61111
-1.64556
-1.67
-1.62667
-1.65667
-1.65778
-1.58889
-1.65889
-1.64222
-1.64
-1.64778
-1.63
-1.61778
-1.62667
-1.61778
-1.70222
-1.67222
-1.71889
-1.59222
-1.74667
-1.65444
-1.69444
-1.58
-1.63
-1.61111
-1.57
-1.65778
-1.65444
-1.61889
-1.66
-1.66778
-1.67667
-1.68778
-1.63111
-1.60778
-1.61889
-1.68667
-1.62111
-1.65222
-1.66333
-1.62667
-1.64111
-1.68889
-1.59667
-1.61111
-1.63778
-1.66222
-1.69778
-1.62
-1.62
-1.59667
-1.64444
-1.59667
-1.64333
-1.64778
-1.6
-1.67667
-1.63111
-1.57556
-1.58222
-1.58
-1.69222
-1.57111
-1.64
-1.61
-1.58
-1.62333
-1.65222
-1.60333
-1.64667
-1.63333
-1.59
-1.64222
-1.64111
-1.60111
-1.58333
-1.62222
-1.66667
-1.59556
-1.66
-1.69444
-1.65778
-1.61556
-1.59778
-1.67
-1.67333
-1.65111
-1.6
-1.64444
-1.60333
-1.62111
-1.56222
-1.64556
-1.66778
-1.65889
-1.52111
-1.68667
-1.62111
-1.63111
-1.60444
-1.64111
-1.60667
-1.60778
-1.63556
-1.60778
-1.61333
-1.58333
-1.64222
-1.57444
-1.62111
-1.64333
-1.62222
-1.65333
-1.61556
-1.65556
-1.67222
-1.65
-1.66333
-1.61667
-1.64444
-1.60778
-1.64667
-1.62778
-1.64111
-1.69444
-1.62333
-1.58556
-1.65
-1.70222
-1.70222
-1.61889
-1.67222
-1.60222
-1.59889
-1.64556
-1.65889
-1.60889
-1.64556
-1.61778
-1.56667
-1.59444
-1.59444
-1.61111
-1.65667
-1.63556
-1.71556
-1.58111
-1.61111
-1.65333
-1.57
-1.57222
-1.61667
-1.59333
-1.58556
-1.57444
-1.61667
-1.62333
-1.69333
-1.63556
-1.65222
-1.68
-1.59556
-1.61
-1.63778
-1.69111
-1.65444
-1.64889
-1.63667
-1.59444
-1.66111
-1.64778
-1.65
-1.61111
-1.58889
-1.63
-1.59111
-1.64556
-1.56333
-1.67556
-1.63778
-1.59444
-1.63
-1.65333
-1.65667
-1.64222
-1.63222
-1.59778
-1.58111
-1.64889
-1.66667
-1.59889
-1.69
-1.65556
-1.57556
-1.58
-1.64222
-1.70778
-1.68667
-1.58222
-1.62556
-1.57
-1.59333
-1.63111
-1.62
-1.68333
-1.54667
-1.58111
-1.62222
-1.70333
-1.64333
-1.64667
-1.68889
-1.68333
-1.70778
-1.63778
-1.60444
-1.61667
-1.67778
-1.56
-1.65111
-1.64556
-1.63667
-1.67111
-1.67222
-1.66111
-1.60222
-1.59444
-1.62889
-1.66333
-1.60556
-1.68778
-1.68889
-1.66444
-1.56889
-1.66222
-1.62111
-1.62889
-1.67889
-1.66
-1.62667
-1.60333
-1.65222
-1.66111
-1.63444
-1.60111
-1.69222
-1.67222
-1.61222
-1.63444
-1.60222
-1.59778
-1.68
-1.57889
-1.71444
-1.62889
-1.65
-1.66778
-1.65
-1.64222
-1.68667
-1.62889
-1.65778
-1.68
-1.63778
-1.64778
-1.61
-1.62222
-1.60667
-1.63889
-1.67556
-1.57778
-1.59222
-1.65778
-1.61333
-1.60778
-1.6
-1.67
-1.71889
-1.68222
-1.69667
-1.61
-1.66556
-1.66556
-1.64889
-1.69444
-1.57333
-1.63889
-1.62444
-1.71111
-1.61
-1.66111
-1.68111
-1.67
-1.70778
-1.62444
-1.56333
-1.52667
-1.63556
-1.65889
-1.62222
-1.61
-1.67667
-1.66222
-1.67556
-1.67778
-1.66556
-1.71
-1.61111
-1.65333
-1.64111
-1.61556
-1.63333
-1.61333
-1.60889
-1.68333
-1.61889
-1.65333
-1.63667
-1.63556
-1.61889
-1.65111
-1.61444
-1.65667
-1.57667
-1.59444
-1.72444
-1.65444
-1.61889
-1.65111
-1.69556
-1.63333
-1.64556
-1.61333
-1.64333
-1.58444
-1.65
-1.63111
-1.64778
-1.62444
-1.67556
-1.63889
-1.63222
-1.65444
-1.64444
-1.59444
-1.66222
-1.6
-1.58667
-1.68333
-1.65
-1.65
-1.68333
-1.57222
-1.59
-1.64556
-1.63
-1.64333
-1.63
-1.62444
-1.64222
-1.57556
-1.61667
-1.69444
-1.63222
-1.65
-1.65
-1.61
-1.59444
-1.65333
-1.66778
-1.59778
-1.61111
-1.62333
-1.63667
-1.58778
-1.58333
-1.65556
-1.58889
-1.63333
-1.62111
-1.57667
-1.57556
-1.61667
-1.65778
-1.68889
-1.60444
-1.65222
-1.65667
-1.62667
-1.65222
-1.58333
-1.61889
-1.65111
-1.66667
-1.69556
-1.62444
-1.64111
-1.6
-1.58556
-1.66333
-1.62444
-1.64
-1.63889
-1.60556
-1.63778
-1.66667
-1.60889
-1.69889
-1.65
-1.60556
-1.60222
-1.65444
-1.66111
-1.64889
-1.65111
-1.6
-1.57333
-1.64667
-1.64111
-1.64333
-1.69444
-1.66111
-1.62444
-1.62333
-1.63556
-1.61667
-1.66778
-1.65889
-1.68444
-1.57889
-1.56222
-1.66111
-1.64889
-1.61
-1.57556
-1.63667
-1.63556
-1.55444
-1.62
-1.59333
-1.6
-1.64444
-1.62889
-1.66333
-1.66333
-1.66667
-1.65778
-1.61111
-1.66667
-1.69667
-1.58222
-1.74
-1.62667
-1.64
-1.57778
-1.67111
-1.67111
-1.63444
-1.63778
-1.57556
-1.63
-1.63222
-1.67333
-1.63667
-1.57111
-1.64
-1.69
-1.65667
-1.62889
-1.66889
-1.68667
-1.64778
-1.61333
-1.67222
-1.65222
-1.59444
-1.59
-1.72
-1.69111
-1.66222
-1.56889
-1.64333
-1.63778
-1.66
-1.66111
-1.65111
-1.60111
-1.63667
-1.60889
-1.63444
-1.66111
-1.60667
-1.65556
-1.68111
-1.66667
-1.62333
-1.65222
-1.68889
-1.66444
-1.63222
-1.62444
-1.63333
-1.66111
-1.61667
-1.64889
-1.62667
-1.62667
-1.60111
-1.63222
-1.61889
-1.62444
-1.59778
-1.67556
-1.67111
-1.64778
-1.68556
-1.63222
-1.67667
-1.60222
-1.64889
-1.55444
-1.53889
-1.59889
-1.66778
-1.60111
-1.60333
-1.66667
-1.60222
-1.60222
-1.63889
-1.59333
-1.62444
-1.64778
-1.64667
-1.64889
-1.61333
-1.63889
-1.73
-1.55
-1.65667
-1.62889
-1.60556
-1.68
-1.65333
-1.62444
-1.64333
-1.61333
-1.59222
-1.65444
-1.63667
-1.66333
-1.66111
-1.54667
-1.64889
-1.60111
-1.58111
-1.63111
-1.59444
-1.64889
-1.60667
-1.57
-1.62556
-1.70667
-1.66222
-1.62111
-1.58778
-1.70333
-1.62778
-1.67778
-1.66333
-1.57556
-1.59556
-1.64667
-1.71444
-1.66778
-1.65222
-1.63222
-1.66
-1.60556
-1.69
-1.61111
-1.61667
-1.67667
-1.61889
-1.59
-1.59778
-1.64889
-1.64556
-1.63444
-1.60889
-1.64889
-1.67333
-1.63444
-1.63667
-1.53333
-1.56556
-1.61333
-1.68556
-1.64556
-1.64111
-1.70111
-1.63444
-1.65111
-1.59778
-1.67444
-1.59556
-1.67
-1.64778
-1.68889
-1.64222
-1.64222
-1.58444
-1.64111
-1.60778
-1.57778
-1.65556
-1.57
-1.6
-1.65556
-1.60667
-1.65111
-1.63111
-1.64222
-1.66444
-1.64778
-1.63222
-1.62889
-1.55667
-1.53889
-1.63444
-1.63889
-1.66778
-1.57556
-1.63778
-1.62111
-1.67556
-1.63778
-1.7
-1.68667
-1.65333
-1.67333
-1.66111
-1.64556
-1.64222
-1.64556
-1.59333
-1.65
-1.63111
-1.63667
-1.59111
-1.65333
-1.62556
-1.58
-1.62333
-1.60778
-1.64778
-1.65556
-1.65889
-1.70778
-1.57
-1.62444
-1.62556
-1.59556
-1.67222
-1.61889
-1.60111
-1.63111
-1.65
-1.62667
-1.66111
-1.58111
-1.64333
-1.64444
-1.62
-1.68778
-1.66
-1.67222
-1.69444
-1.66
-1.63
-1.64
-1.68667
-1.63222
-1.64667
-1.58889
-1.60667
-1.60111
-1.61667
-1.57667
-1.60222
-1.58111
-1.65889
-1.57444
-1.64556
-1.69
-1.62778
-1.62444
-1.64667
-1.60889
-1.68889
-1.60556
-1.56778
-1.69333
-1.62
-1.65667
-1.64111
-1.63111
-1.63889
-1.65667
-1.64222
-1.57778
-1.61111
-1.64667
-1.66
-1.69667
-1.64444
-1.63889
-1.59778
-1.68778
-1.61889
-1.60889
-1.67
-1.65444
-1.65111
-1.63333
-1.64222
-1.61333
-1.59778
-1.63222
-1.61333
-1.59667
-1.61444
-1.60222
-1.68111
-1.58333
-1.61
-1.62889
-1.66333
-1.63444
-1.60333
-1.56222
-1.71889
-1.63667
-1.60222
-1.56778
-1.64111
-1.65111
-1.69778
-1.59778
-1.66778
-1.67667
-1.62889
-1.66
-1.65667
-1.59667
-1.64333
-1.67333
-1.58333
-1.55111
-1.65889
-1.66778
-1.61333
-1.57556
-1.58444
-1.60778
-1.63778
-1.60667
-1.63889
-1.61889
-1.64333
-1.60667
-1.61444
-1.68556
-1.65333
-1.56556
-1.66778
-1.63444
-1.65333
-1.66111
-1.62333
-1.61778
-1.58778
-1.60333
-1.66222
-1.63444
-1.62333
-1.63
-1.65556
-1.60333
-1.67
-1.62667
-1.66
-1.67333
-1.67222
-1.62333
-1.60556
-1.67111
-1.66444
-1.64111
-1.68111
-1.63778
-1.61667
-1.66889
-1.69889
-1.58889
-1.63
-1.63444
-1.63222
-1.58667
-1.69556
-1.65111
-1.60333
-1.60778
-1.62
-1.62
-1.61
-1.67444
-1.64444
-1.59778
-1.62444
-1.70556
-1.68556
-1.62444
-1.70556
-1.71222
-1.65667
-1.69778
-1.62
-1.65889
-1.66
-1.58333
-1.66556
-1.61556
-1.62556
-1.59444
-1.61778
-1.62333
-1.70667
-1.61222
-1.62
-1.61222
-1.58222
-1.63444
-1.69333
-1.64222
-1.60778
-1.66556
-1.64111
-1.66778
-1.60333
-1.66
-1.69889
-1.7
-1.64222
-1.55667
-1.59667
-1.69556
-1.63889
-1.64
-1.61889
-1.66222
-1.68778
-1.70111
-1.59444
-1.62667
-1.63889
-1.63
-1.67333
-1.65222
-1.51111
-1.62111
-1.62889
-1.65667
-1.63
-1.62889
-1.63667
-1.70222
-1.60778
-1.61111
-1.63556
-1.71333
-1.62111
-1.70444
-1.58111
-1.68111
-1.63333
-1.63333
-1.63111
-1.63
-1.52889
-1.56
-1.59556
-1.62111
-1.64
-1.60111
-1.56
-1.68667
-1.69667
-1.63778
-1.61889
-1.63111
-1.63556
-1.65
-1.61778
-1.56778
-1.61556
-1.55444
-1.66556
-1.61889
-1.62222
-1.68
-1.64778
-1.69444
-1.60111
-1.66
-1.64111
-1.68444
-1.62222
-1.60444
-1.61222
-1.63889
-1.59111
-1.66444
-1.65889
-1.60556
-1.57556
-1.61444
-1.60778
-1.64556
-1.60556
-1.63778
-1.67889
-1.63333
-1.64778
-1.67667
-1.62444
-1.65444
-1.60889
-1.65778
-1.63111
-1.57556
-1.69222
-1.59111
-1.59333
-1.63
-1.70444
-1.67889
-1.63444
-1.61
-1.63778
-1.63667
-1.53889
-1.62667
-1.59889
-1.56333
-1.65
-1.60111
-1.66333
-1.67
-1.71667
-1.62
-1.63111
-1.62444
-1.64667
-1.64667
-1.61444
-1.65333
-1.54556
-1.58111
-1.61667
-1.61444
-1.55667
-1.65667
-1.53111
-1.59
-1.60778
-1.63889
-1.59444
-1.6
-1.64
-1.64333
-1.64333
-1.63222
-1.62889
-1.65778
-1.70889
-1.62
-1.58444
-1.69556
-1.63889
-1.61111
-1.64222
-1.62111
-1.64333
-1.70556
-1.60333
-1.62556
-1.66111
-1.66667
-1.61444
-1.66667
-1.6
-1.55889
-1.62556
-1.64667
-1.66667
-1.64556
-1.64333
-1.61111
-1.64889
-1.71667
-1.58111
-1.59556
-1.63222
-1.60889
-1.64889
-1.70778
-1.57556
-1.64889
-1.66667
-1.65111
-1.65
-1.65222
-1.61111
-1.65444
-1.64333
-1.64111
-1.61556
-1.56111
-1.64111
-1.60778
-1.67444
-1.58889
-1.66
-1.58111
-1.60111
-1.65222
-1.60222
-1.61667
-1.62222
-1.56889
-1.55
-1.67444
-1.67222
-1.62444
-1.67889
-1.65556
-1.64222
-1.69889
-1.64111
-1.67333
-1.59111
-1.58556
-1.65889
-1.69889
-1.63222
-1.60778
-1.68444
-1.57667
-1.66556
-1.66333
-1.64111
-1.62444
-1.66778
-1.62
-1.64444
-1.60556
-1.61222
-1.62
-1.6
-1.65111
-1.62333
-1.63667
-1.65
-1.67333
-1.55778
-1.64111
-1.70333
-1.63444
-1.65667
-1.61222
-1.59333
-1.61556
-1.59111
-1.61111
-1.71556
-1.56
-1.65333
-1.66444
-1.65889
-1.64222
-1.65778
-1.57444
-1.65667
-1.64444
-1.61
-1.64667
-1.67667
-1.65889
-1.67667
-1.56444
-1.61778
-1.65889
-1.59
-1.64444
-1.66667
-1.57667
-1.59889
-1.65333
-1.66111
-1.67333
-1.63667
-1.56889
-1.69556
-1.63111
-1.64
-1.62556
-1.71333
-1.66333
-1.63333
-1.64444
-1.64889
-1.66667
-1.58222
-1.56889
-1.59778
-1.62111
-1.63111
-1.61444
-1.64556
-1.59
-1.66
-1.65444
-1.65
-1.68556
-1.66556
-1.57222
-1.67333
-1.62
-1.62889
-1.65222
-1.61333
-1.61444
-1.65444
-1.64222
-1.60222
-1.69444
-1.62667
-1.69778
-1.62333
-1.62889
-1.61222
-1.68556
-1.68
-1.66
-1.65444
-1.55222
-1.62
-1.62333
-1.64444
-1.68
-1.69333
-1.59778
-1.65111
-1.64556
-1.64444
-1.64222
-1.67444
-1.66222
-1.68444
-1.65556
-1.59889
-1.57222
-1.58444
-1.61778
-1.57667
-1.61333
-1.61778
-1.64333
-1.55667
-1.60222
-1.66
-1.56778
-1.64778
-1.64778
-1.61111
-1.58444
-1.66111
-1.64333
-1.59222
-1.64778
-1.71667
-1.64111
-1.63111
-1.63111
-1.60778
-1.65556
-1.57444
-1.59556
-1.65111
-1.62111
-1.58
-1.70556
-1.61222
-1.60333
-1.66556
-1.54
-1.59778
-1.57
-1.57889
-1.65778
-1.66444
-1.56667
-1.68889
-1.64333
-1.65333
-1.59222
-1.70333
-1.62333
-1.66889
-1.72444
-1.65444
-1.62667
-1.61556
-1.7
-1.59444
-1.57444
-1.62778
-1.65667
-1.63556
-1.56778
-1.60778
-1.65222
-1.68222
-1.60333
-1.63111
-1.61444
-1.58889
-1.56667
-1.64778
-1.63222
-1.60667
-1.65444
-1.62667
-1.56222
-1.62222
-1.62
-1.57667
-1.64667
-1.64444
-1.62222
-1.66667
-1.59444
-1.68111
-1.60889
-1.65111
-1.65444
-1.66556
-1.66889
-1.61556
-1.69444
-1.66
-1.60556
-1.65
-1.61444
-1.55556
-1.65444
-1.63667
-1.66444
-1.67444
-1.65
-1.65222
-1.60556
-1.68
-1.71333
-1.63556
-1.60778
-1.61
-1.63333
-1.59222
-1.60222
-1.63778
-1.65444
-1.59556
-1.57111
-1.60333
-1.63
-1.61889
-1.65667
-1.65556
-1.68444
-1.64333
-1.58667
-1.69
-1.61444
-1.63667
-1.72667
-1.67889
-1.61889
-1.66889
-1.61778
-1.68556
-1.68111
-1.66556
-1.60222
-1.67889
-1.63111
-1.66444
-1.60222
-1.60333
-1.62667
-1.62889
-1.69778
-1.63333
-1.60778
-1.66333
-1.59444
-1.62778
-1.64556
-1.59778
-1.58667
-1.62
-1.67444
-1.57667
-1.63222
-1.62
-1.66444
-1.57778
-1.55444
-1.60333
-1.59111
-1.64667
-1.63333
-1.57111
-1.58
-1.57111
-1.62667
-1.64778
-1.60444
-1.62444
-1.68889
-1.52778
-1.65444
-1.60111
-1.65778
-1.67889
-1.67444
-1.65222
-1.66556
-1.65111
-1.61889
-1.61444
-1.66667
-1.68111
-1.59556
-1.62889
-1.57444
-1.65778
-1.67778
-1.66889
-1.64
-1.60111
-1.60556
-1.61333
-1.61444
-1.64667
-1.66667
-1.70444
-1.62222
-1.64667
-1.63444
-1.64444
-1.67556
-1.66111
-1.64111
-1.68111
-1.61333
-1.65444
-1.64444
-1.62667
-1.64556
-1.64444
-1.63222
-1.64667
-1.63333
-1.62778
-1.66333
-1.62778
-1.60444
-1.58778
-1.66667
-1.67333
-1.68556
-1.60111
-1.63333
-1.64222
-1.65778
-1.67667
-1.58333
-1.64889
-1.59333
-1.64222
-1.64111
-1.67333
-1.61444
-1.64333
-1.66111
-1.58778
-1.57667
-1.65333
-1.61111
-1.61667
-1.57778
-1.65333
-1.59667
-1.67778
-1.57444
-1.63444
-1.66556
-1.60111
-1.61111
-1.57556
-1.58667
-1.64222
-1.64778
-1.61333
-1.66556
-1.62889
-1.60778
-1.63889
-1.63222
-1.62111
-1.61333
-1.61333
-1.59333
-1.64222
-1.60556
-1.67556
-1.56667
-1.60111
-1.63667
-1.63111
-1.61556
-1.67222
-1.67778
-1.61333
-1.69222
-1.63444
-1.71333
-1.66222
-1.67111
-1.63556
-1.67444
-1.56111
-1.62667
-1.58556
-1.67111
-1.65222
-1.65222
-1.63667
-1.56778
-1.59333
-1.67222
-1.62111
-1.64111
-1.67111
-1.63778
-1.61444
-1.60667
-1.71111
-1.63778
-1.61333
-1.62667
-1.60889
-1.58333
-1.65556
-1.55444
-1.64333
-1.61444
-1.67333
-1.64889
-1.71667
-1.71444
-1.69889
-1.65222
-1.64111
-1.59333
-1.68444
-1.60889
-1.60778
-1.61111
-1.67333
-1.59889
-1.68556
-1.70333
-1.64
-1.68667
-1.62889
-1.65111
-1.63778
-1.61556
-1.62111
-1.66222
-1.61333
-1.65889
-1.62333
-1.59667
-1.56444
-1.68
-1.69444
-1.68778
-1.65667
-1.61333
-1.58444
-1.63889
-1.65889
-1.61778
-1.62333
-1.60778
-1.68444
-1.59333
-1.67444
-1.56111
-1.63889
-1.55889
-1.66222
-1.63222
-1.57444
-1.68111
-1.67889
-1.57222
-1.64333
-1.69111
-1.68778
-1.60333
-1.63333
-1.67333
-1.62333
-1.64889
-1.62
-1.66444
-1.60778
-1.67
-1.61333
-1.57556
-1.64778
-1.61444
-1.57111
-1.66667
-1.65111
-1.59111
-1.59
-1.64556
-1.60667
-1.60556
-1.54
-1.6
-1.68444
-1.58778
-1.59667
-1.62556
-1.65222
-1.63444
-1.69556
-1.60667
-1.61
-1.62111
-1.59778
-1.63111
-1.65667
-1.59889
-1.58444
-1.59667
-1.62667
-1.69889
-1.65667
-1.68667
-1.59333
-1.60333
-1.62444
-1.64333
-1.67556
-1.58556
-1.64667
-1.65222
-1.59222
-1.57
-1.59444
-1.62778
-1.62333
-1.64556
-1.68778
-1.65222
-1.63889
-1.70889
-1.59111
-1.64
-1.58778
-1.64
-1.63222
-1.62
-1.63222
-1.71111
-1.62889
-1.66667
-1.61333
-1.64333
-1.64222
-1.65
-1.59889
-1.64556
-1.62667
-1.68556
-1.63778
-1.61667
-1.67889
-1.61222
-1.62444
-1.62111
-1.57444
-1.61333
-1.64111
-1.61778
-1.66
-1.61556
-1.63667
-1.64444
-1.63667
-1.62222
-1.62667
-1.57111
-1.63
-1.64556
-1.66222
-1.61889
-1.62
-1.63667
-1.59556
-1.63111
-1.66778
-1.65222
-1.62333
-1.57667
-1.61
-1.58444
-1.56556
-1.64333
-1.61778
-1.64333
-1.62222
-1.59111
-1.60333
-1.60889
-1.63111
-1.61889
-1.64333
-1.63889
-1.63333
-1.62667
-1.60222
-1.61444
-1.57444
-1.66333
-1.67333
-1.59
-1.63222
-1.64778
-1.58
-1.62556
-1.56333
-1.66111
-1.61222
-1.71778
-1.64556
-1.65667
-1.68889
-1.61444
-1.63667
-1.63222
-1.65667
-1.60889
-1.56111
-1.66889
-1.68778
-1.58444
-1.67111
-1.68111
-1.64667
-1.66667
-1.65556
-1.62222
-1.63556
-1.60778
-1.57222
-1.69333
-1.63444
-1.61333
-1.63889
-1.64222
-1.64111
-1.59889
-1.69222
-1.63778
-1.57889
-1.57333
-1.60889
-1.58111
-1.61778
-1.64333
-1.60444
-1.60333
-1.69222
-1.54667
-1.65778
-1.58333
-1.65111
-1.67222
-1.58889
-1.65556
-1.67889
-1.67
-1.68222
-1.66333
-1.63
-1.64333
-1.63889
-1.63222
-1.59889
-1.61556
-1.62778
-1.61111
-1.63111
-1.61667
-1.65889
-1.59
-1.61333
-1.61111
-1.65556
-1.70333
-1.61778
-1.61444
-1.65667
-1.63444
-1.64111
-1.64667
-1.67556
-1.61889
-1.60222
-1.63
-1.7
-1.61
-1.68333
-1.67111
-1.68444
-1.59
-1.70444
-1.56889
-1.65444
-1.56111
-1.65
-1.66222
-1.61222
-1.55444
-1.70556
-1.59111
-1.59444
-1.70444
-1.66111
-1.56
-1.64222
-1.68889
-1.62333
-1.64778
-1.64111
-1.62444
-1.65111
-1.63444
-1.56111
-1.66111
-1.55111
-1.70556
-1.63222
-1.62222
-1.57889
-1.65889
-1.66444
-1.61333
-1.62889
-1.64889
-1.60111
-1.60333
-1.66
-1.63222
-1.65333
-1.64556
-1.61667
-1.62111
-1.61889
-1.63333
-1.54333
-1.61222
-1.58
-1.71444
-1.61556
-1.64333
-1.62333
-1.69111
-1.64
-1.67444
-1.58556
-1.57222
-1.6
-1.61444
-1.64889
-1.62333
-1.63222
-1.63333
-1.60333
-1.65444
-1.58111
-1.58889
-1.68444
-1.55556
-1.68111
-1.57889
-1.58556
-1.63111
-1.62222
-1.69667
-1.68889
-1.61889
-1.65667
-1.70444
-1.61111
-1.63778
-1.63111
-1.63667
-1.60556
-1.64444
-1.68556
-1.65889
-1.65333
-1.72
-1.65667
-1.63
-1.57444
-1.69556
-1.62222
-1.59
-1.65111
-1.65444
-1.66444
-1.68444
-1.64889
-1.68222
-1.64778
-1.51556
-1.61667
-1.58778
-1.67889
-1.69111
-1.58111
-1.61111
-1.66778
-1.64333
-1.60111
-1.58778
-1.53111
-1.61778
-1.62667
-1.62667
-1.62222
-1.64333
-1.57889
-1.62111
-1.64333
-1.62556
-1.66667
-1.59778
-1.63111
-1.66444
-1.56
-1.62667
-1.66222
-1.68778
-1.66778
-1.61
-1.66889
-1.58111
-1.63222
-1.63333
-1.55667
-1.58111
-1.58556
-1.67111
-1.71889
-1.65222
-1.59111
-1.64
-1.61333
-1.57444
-1.68
-1.66556
-1.64
-1.63111
-1.61444
-1.64333
-1.65222
-1.61444
-1.59667
-1.63111
-1.64778
-1.68667
-1.70222
-1.64111
-1.63
-1.60556
-1.66222
-1.66778
-1.61
-1.65111
-1.62667
-1.66111
-1.57444
-1.61778
-1.63444
-1.61
-1.61444
-1.65
-1.62444
-1.58778
-1.61889
-1.62111
-1.68333
-1.72111
-1.68111
-1.58889
-1.64556
-1.62222
-1.64333
-1.59556
-1.63111
-1.58667
-1.65889
-1.65444
-1.61778
-1.72556
-1.67444
-1.62222
-1.68
-1.70333
-1.63
-1.67444
-1.55889
-1.57667
-1.61556
-1.63778
-1.68222
-1.70778
-1.6
-1.67222
-1.60889
-1.60889
-1.65111
-1.68
-1.69222
-1.63111
-1.59
-1.57111
-1.64889
-1.65556
-1.65667
-1.64556
-1.56889
-1.66
-1.64222
-1.63333
-1.67778
-1.66778
-1.66
-1.61333
-1.66333
-1.64556
-1.63667
-1.60667
-1.65556
-1.63556
-1.61444
-1.64556
-1.63111
-1.64778
-1.64333
-1.63778
-1.67444
-1.57667
-1.67333
-1.68333
-1.68
-1.61667
-1.65
-1.61333
-1.62222
-1.66667
-1.63444
-1.64889
-1.59556
-1.60444
-1.63667
-1.61444
-1.70111
-1.66222
-1.61111
-1.65333
-1.64222
-1.64333
-1.60889
-1.60222
-1.65111
-1.66667
-1.64667
-1.69111
-1.67667
-1.61111
-1.64667
-1.54556
-1.58889
-1.64222
-1.62333
-1.73556
-1.68667
-1.66111
-1.66444
-1.63667
-1.57444
-1.63889
-1.66667
-1.65
-1.66333
-1.66
-1.58333
-1.66556
-1.67667
-1.63222
-1.64667
-1.57
-1.64111
-1.56667
-1.64667
-1.59556
-1.67
-1.58222
-1.65
-1.63778
-1.60667
-1.62333
-1.63889
-1.61444
-1.69667
-1.61444
-1.66
-1.61111
-1.65444
-1.59556
-1.64444
-1.62333
-1.59889
-1.62
-1.63667
-1.60556
-1.62444
-1.65222
-1.58
-1.64889
-1.58889
-1.62667
-1.62111
-1.56556
-1.63444
-1.58667
-1.67889
-1.61222
-1.56889
-1.58778
-1.59556
-1.60556
-1.65667
-1.71111
-1.60556
-1.59778
-1.54889
-1.58556
-1.58
-1.68
-1.58444
-1.63889
-1.65556
-1.61
-1.62444
-1.56333
-1.56778
-1.59667
-1.58111
-1.58
-1.61
-1.63
-1.70889
-1.63889
-1.64
-1.61667
-1.65222
-1.70333
-1.59333
-1.62556
-1.62889
-1.64111
-1.65444
-1.56556
-1.65778
-1.62333
-1.62333
-1.59889
-1.67556
-1.58444
-1.63333
-1.67444
-1.64111
-1.57
-1.62
-1.73111
-1.64111
-1.60667
-1.60444
-1.62667
-1.68556
-1.62778
-1.69444
-1.66444
-1.65222
-1.71222
-1.59889
-1.60111
-1.57
-1.69667
-1.57444
-1.64444
-1.59778
-1.65889
-1.56
-1.60556
-1.64111
-1.64556
-1.71333
-1.66333
-1.60222
-1.64
-1.65
-1.67333
-1.60444
-1.70667
-1.61222
-1.63667
-1.63778
-1.56889
-1.59556
-1.67667
-1.61111
-1.62778
-1.56444
-1.57333
-1.65333
-1.66222
-1.59556
-1.63556
-1.59556
-1.62667
-1.63889
-1.65333
-1.62333
-1.58556
-1.56
-1.64778
-1.62
-1.68
-1.62556
-1.64222
-1.57889
-1.60444
-1.61889
-1.63
-1.53556
-1.61111
-1.59111
-1.61778
-1.60889
-1.57778
-1.67667
-1.62111
-1.62111
-1.64222
-1.62111
-1.67889
-1.62111
-1.55778
-1.60667
-1.61
-1.61111
-1.63778
-1.58556
-1.69
-1.62111
-1.69222
-1.65444
-1.61778
-1.64667
-1.65889
-1.68333
-1.65889
-1.60333
-1.57556
-1.65111
-1.58333
-1.63333
-1.61778
-1.60667
-1.61778
-1.65111
-1.57556
-1.66667
-1.62556
-1.67444
-1.68111
-1.66778
-1.58889
-1.63556
-1.64333
-1.60889
-1.68667
-1.57667
-1.66667
-1.68778
-1.59111
-1.69778
-1.61889
-1.59556
-1.61111
-1.60556
-1.66333
-1.62333
-1.63
-1.58889
-1.62667
-1.57111
-1.56778
-1.67
-1.65111
-1.67667
-1.62
-1.65444
-1.64778
-1.62667
-1.67
-1.63222
-1.66222
-1.63333
-1.57222
-1.60667
-1.61333
-1.67111
-1.64444
-1.56556
-1.69222
-1.64444
-1.64111
-1.54667
-1.6
-1.64333
-1.62111
-1.68667
-1.6
-1.68222
-1.62556
-1.62111
-1.63333
-1.59333
-1.58
-1.65222
-1.60444
-1.61333
-1.66889
-1.64778
-1.66889
-1.64444
-1.60556
-1.66
-1.66333
-1.62667
-1.59444
-1.69
-1.65111
-1.66778
-1.59444
-1.59556
-1.63444
-1.6
-1.62333
-1.62667
-1.66
-1.65556
-1.64
-1.63889
-1.62333
-1.57333
-1.66778
-1.60778
-1.60556
-1.63667
-1.66444
-1.70222
-1.62889
-1.60444
-1.59222
-1.65889
-1.62889
-1.61889
-1.57333
-1.59222
-1.66889
-1.61667
-1.65333
-1.64111
-1.66889
-1.66333
-1.66222
-1.64889
-1.63
-1.64111
-1.64556
-1.65556
-1.61111
-1.64111
-1.70778
-1.62
-1.61667
-1.58222
-1.57667
-1.62444
-1.66556
-1.67111
-1.64444
-1.67556
-1.60667
-1.63889
-1.54778
-1.63889
-1.59667
-1.61667
-1.56
-1.63889
-1.61111
-1.64
-1.65778
-1.57889
-1.64111
-1.59444
-1.58889
-1.56778
-1.60667
-1.69778
-1.64778
-1.63333
-1.63333
-1.65667
-1.65778
-1.59778
-1.6
-1.63222
-1.65333
-1.60778
-1.59778
-1.61667
-1.68556
-1.64778
-1.57444
-1.55111
-1.62889
-1.66
-1.65333
-1.62778
-1.59889
-1.63333
-1.59222
-1.63
-1.61556
-1.62
-1.63111
-1.62556
-1.64333
-1.58778
-1.64889
-1.62778
-1.62333
-1.63111
-1.65778
-1.61667
-1.66778
-1.63222
-1.68667
-1.61778
-1.60111
-1.63222
-1.55889
-1.62333
-1.57111
-1.66556
-1.62111
-1.64778
-1.62444
-1.57556
-1.57889
-1.67556
-1.58
-1.58778
-1.58556
-1.66667
-1.67222
-1.65
-1.53889
-1.60111
-1.61667
-1.60556
-1.56111
-1.63222
-1.64
-1.68667
-1.60444
-1.62667
-1.67444
-1.66556
-1.67444
-1.61111
-1.58444
-1.64333
-1.65667
-1.66444
-1.66
-1.64889
-1.6
-1.67111
-1.64111
-1.59556
-1.63
-1.70778
-1.59778
-1.58
-1.62889
-1.67333
-1.65111
-1.63667
-1.65778
-1.68667
-1.63
-1.67
-1.62333
-1.57333
-1.58778
-1.63778
-1.70333
-1.65778
-1.64889
-1.60444
-1.59222
-1.62
-1.59111
-1.65667
-1.62889
-1.60111
-1.65889
-1.60222
-1.59444
-1.59778
-1.58778
-1.67
-1.65
-1.62667
-1.58667
-1.60667
-1.66778
-1.64
-1.64222
-1.69111
-1.66111
-1.63
-1.65778
-1.68889
-1.64778
-1.59111
-1.62444
-1.67889
-1.62444
-1.62778
-1.72444
-1.60556
-1.62333
-1.61556
-1.70556
-1.66556
-1.64444
-1.65889
-1.63556
-1.63111
-1.62889
-1.73667
-1.64111
-1.63333
-1.63778
-1.70667
-1.59556
-1.64556
-1.61889
-1.67667
-1.64333
-1.62556
-1.57333
-1.62222
-1.60556
-1.64556
-1.65
-1.67667
-1.68111
-1.60778
-1.59111
-1.64444
-1.57556
-1.66222
-1.54667
-1.60444
-1.6
-1.61444
-1.60444
-1.59444
-1.62444
-1.61
-1.60556
-1.61444
-1.54222
-1.56444
-1.63556
-1.55556
-1.55444
-1.63889
-1.66889
-1.60333
-1.72
-1.67889
-1.63111
-1.64222
-1.62333
-1.68
-1.61222
-1.58556
-1.63333
-1.62222
-1.61889
-1.62778
-1.60333
-1.65111
-1.63778
-1.63
-1.67667
-1.67778
-1.64333
-1.62444
-1.61667
-1.60889
-1.63667
-1.70667
-1.55
-1.67333
-1.71111
-1.64556
-1.69333
-1.61444
-1.65667
-1.60333
-1.61889
-1.63889
-1.65444
-1.61444
-1.60222
-1.61778
-1.64667
-1.55222
-1.7
-1.70333
-1.62333
-1.63222
-1.69222
-1.66444
-1.66778
-1.64
-1.58556
-1.62778
-1.67111
-1.60778
-1.56667
-1.65222
-1.64889
-1.70889
-1.63444
-1.62889
-1.59444
-1.65222
-1.58778
-1.64667
-1.57
-1.63333
-1.67889
-1.65667
-1.63556
-1.64333
-1.58556
-1.63889
-1.58889
-1.71
-1.65
-1.61
-1.60333
-1.63556
-1.61111
-1.69556
-1.64111
-1.61889
-1.63444
-1.62556
-1.61222
-1.63667
-1.65111
-1.65444
-1.61778
-1.55778
-1.53889
-1.57444
-1.63333
-1.61111
-1.65333
-1.65444
-1.62667
-1.63667
-1.63556
-1.55222
-1.68889
-1.61778
-1.64556
-1.63889
-1.56556
-1.66444
-1.67889
-1.63333
-1.65778
-1.63444
-1.64556
-1.61889
-1.61778
-1.63778
-1.57111
-1.66333
-1.61889
-1.63333
-1.61778
-1.67778
-1.65889
-1.64556
-1.63556
-1.65444
-1.64667
-1.59444
-1.64333
-1.61556
-1.65
-1.66556
-1.63778
-1.59778
-1.64333
-1.67667
-1.60333
-1.62889
-1.69556
-1.66444
-1.61
-1.59556
-1.63667
-1.65778
-1.61556
-1.64
-1.61778
-1.64889
-1.62556
-1.70778
-1.60778
-1.57444
-1.6
-1.61222
-1.61778
-1.62778
-1.60444
-1.60556
-1.61556
-1.59
-1.65778
-1.64333
-1.63
-1.66667
-1.62667
-1.63556
-1.58111
-1.70778
-1.66556
-1.67333
-1.58222
-1.62667
-1.63556
-1.61667
-1.63778
-1.69
-1.65778
-1.6
-1.60222
-1.59556
-1.64222
-1.63444
-1.67778
-1.65667
-1.63778
-1.65222
-1.65222
-1.63333
-1.63333
-1.60444
-1.63556
-1.63333
-1.64222
-1.59889
-1.67444
-1.57667
-1.59667
-1.62556
-1.65111
-1.65
-1.67889
-1.71
-1.59333
-1.59556
-1.65111
-1.61444
-1.62444
-1.63333
-1.59333
-1.70222
-1.66111
-1.65556
-1.66
-1.65
-1.64667
-1.55111
-1.59333
-1.66333
-1.64667
-1.63667
-1.62889
-1.6
-1.62778
-1.66222
-1.61444
-1.61111
-1.64444
-1.7
-1.64889
-1.66222
-1.62444
-1.62333
-1.55778
-1.61333
-1.67111
-1.62444
-1.60778
-1.61556
-1.60444
-1.59111
-1.56667
-1.61889
-1.64667
-1.52778
-1.68889
-1.65333
-1.65333
-1.6
-1.63222
-1.59333
-1.67889
-1.67111
-1.60667
-1.61778
-1.66778
-1.60222
-1.61333
-1.59333
-1.62556
-1.61778
-1.64111
-1.63444
-1.64333
-1.69889
-1.58
-1.68222
-1.70222
-1.60333
-1.65556
-1.64111
-1.61889
-1.57778
-1.66778
-1.66333
-1.62
-1.67222
-1.60222
-1.63444
-1.65667
-1.61667
-1.65889
-1.65222
-1.65
-1.64333
-1.61111
-1.67889
-1.67889
-1.67
-1.62556
-1.61222
-1.62444
-1.57778
-1.63667
-1.60444
-1.62
-1.55667
-1.62222
-1.67444
-1.62111
-1.62667
-1.61889
-1.65
-1.59556
-1.64222
-1.68556
-1.61333
-1.64667
-1.62889
-1.67111
-1.65889
-1.65
-1.66778
-1.65667
-1.63111
-1.69444
-1.64778
-1.62778
-1.64889
-1.67333
-1.63444
-1.65889
-1.64222
-1.64444
-1.73333
-1.60778
-1.59111
-1.60889
-1.60778
-1.71
-1.68333
-1.58778
-1.52222
-1.67333
-1.63667
-1.61111
-1.62667
-1.66111
-1.60667
-1.60111
-1.69444
-1.62444
-1.63778
-1.60444
-1.61778
-1.6
-1.65889
-1.63
-1.65556
-1.63333
-1.61
-1.61
-1.64778
-1.66333
-1.68778
-1.62778
-1.63222
-1.59444
-1.62222
-1.63111
-1.60222
-1.67
-1.66889
-1.63222
-1.66222
-1.67
-1.63222
-1.60444
-1.56222
-1.63556
-1.67222
-1.63111
-1.60667
-1.59778
-1.59667
-1.60556
-1.66333
-1.67778
-1.64333
-1.65333
-1.65556
-1.61444
-1.68222
-1.58444
-1.66667
-1.60556
-1.62556
-1.60556
-1.57222
-1.69444
-1.67556
-1.63778
-1.61556
-1.62
-1.61667
-1.67333
-1.60889
-1.59556
-1.62333
-1.62889
-1.70333
-1.67333
-1.69444
-1.64444
-1.62444
-1.63667
-1.62556
-1.60556
-1.55556
-1.57444
-1.63222
-1.67333
-1.68889
-1.61444
-1.57333
-1.67333
-1.66333
-1.61111
-1.59778
-1.61556
-1.63667
-1.59889
-1.65222
-1.64444
-1.64
-1.64778
-1.61111
-1.61
-1.54556
-1.52556
-1.56444
-1.62222
-1.65333
-1.63556
-1.67667
-1.66778
-1.66111
-1.66889
-1.65778
-1.68111
-1.63333
-1.59333
-1.47778
-1.60889
-1.68222
-1.58556
-1.54333
-1.61444
-1.63556
-1.61222
-1.63889
-1.59889
-1.61889
-1.63667
-1.63778
-1.64222
-1.69333
-1.68667
-1.63
-1.61333
-1.71556
-1.57556
-1.59778
-1.60111
-1.67556
-1.60222
-1.67222
-1.57889
-1.59333
-1.63
-1.65222
-1.60333
-1.63111
-1.62889
-1.65444
-1.65444
-1.59778
-1.60889
-1.60667
-1.58222
-1.66333
-1.63778
-1.69222
-1.57111
-1.68778
-1.68556
-1.68778
-1.67556
-1.65778
-1.64222
-1.61667
-1.62111
-1.52667
-1.69333
-1.62778
-1.65222
-1.60222
-1.61556
-1.62111
-1.62667
-1.64778
-1.65778
-1.63111
-1.62
-1.63444
-1.57444
-1.65556
-1.68556
-1.63111
-1.57778
-1.58222
-1.63
-1.60667
-1.62222
-1.67333
-1.65556
-1.64889
-1.58
-1.61778
-1.65333
-1.62
-1.64778
-1.64667
-1.65333
-1.65333
-1.58333
-1.6
-1.69333
-1.64222
-1.60111
-1.68111
-1.61
-1.58
-1.66889
-1.49111
-1.68556
-1.63444
-1.58444
-1.64111
-1.59111
-1.69889
-1.67222
-1.67444
-1.64444
-1.66667
-1.59889
-1.58556
-1.67889
-1.65111
-1.67667
-1.58333
-1.61333
-1.59889
-1.58333
-1.63667
-1.59222
-1.63556
-1.68111
-1.53111
-1.60222
-1.59667
-1.64444
-1.65444
-1.65
-1.64556
-1.61333
-1.64111
-1.66556
-1.66556
-1.58222
-1.64333
-1.67333
-1.68667
-1.65444
-1.68111
-1.66
-1.68
-1.69778
-1.67
-1.64111
-1.68556
-1.67333
-1.63111
-1.60778
-1.66222
-1.59444
-1.62333
-1.59556
-1.66444
-1.64778
-1.66778
-1.66778
-1.60889
-1.64556
-1.61778
-1.63
-1.68
-1.60889
-1.62333
-1.6
-1.62222
-1.64889
-1.68778
-1.69556
-1.62667
-1.62333
-1.53333
-1.7
-1.62
-1.62556
-1.65
-1.64333
-1.63667
-1.59111
-1.63
-1.62111
-1.66333
-1.61778
-1.66333
-1.58
-1.6
-1.60111
-1.59
-1.68222
-1.63778
-1.63889
-1.62889
-1.62444
-1.63889
-1.73
-1.62222
-1.64444
-1.64667
-1.55444
-1.61889
-1.68778
-1.59556
-1.6
-1.53889
-1.63556
-1.60222
-1.63444
-1.58556
-1.65889
-1.63778
-1.59556
-1.63111
-1.64333
-1.63
-1.67778
-1.63667
-1.59667
-1.56778
-1.58111
-1.72778
-1.61889
-1.66556
-1.70222
-1.68444
-1.61
-1.70333
-1.65111
-1.59222
-1.57444
-1.67444
-1.62444
-1.64889
-1.64
-1.65333
-1.59111
-1.63556
-1.60556
-1.58222
-1.62778
-1.58444
-1.63222
-1.63444
-1.62111
-1.61556
-1.71111
-1.60778
-1.62444
-1.61
-1.57111
-1.62556
-1.65778
-1.67222
-1.57444
-1.61444
-1.7
-1.57222
-1.66111
-1.66111
-1.64889
-1.68
-1.56778
-1.66111
-1.56
-1.59444
-1.64
-1.64778
-1.67556
-1.67667
-1.61
-1.71222
-1.62889
-1.64
-1.57889
-1.69
-1.60778
-1.62222
-1.62556
-1.61222
-1.65333
-1.65778
-1.69333
-1.59778
-1.63444
-1.69667
-1.60889
-1.66667
-1.65111
-1.63444
-1.62
-1.66667
-1.62889
-1.61889
-1.63667
-1.58667
-1.64556
-1.60778
-1.59667
-1.60556
-1.59889
-1.60889
-1.65
-1.65333
-1.60778
-1.71667
-1.65889
-1.55111
-1.60556
-1.61
-1.62778
-1.62111
-1.58778
-1.58667
-1.64222
-1.70333
-1.57333
-1.61889
-1.60111
-1.65444
-1.65
-1.61111
-1.72667
-1.66444
-1.69889
-1.63667
-1.64222
-1.63778
-1.63778
-1.66222
-1.58667
-1.63444
-1.67889
-1.62111
-1.63778
-1.65333
-1.65778
-1.66
-1.55556
-1.62333
-1.59
-1.68333
-1.58111
-1.68333
-1.63556
-1.69222
-1.67222
-1.55
-1.62
-1.66889
-1.67222
-1.60222
-1.66556
-1.69444
-1.61
-1.64111
-1.64333
-1.61889
-1.64444
-1.56444
-1.59333
-1.55111
-1.69
-1.69778
-1.66
-1.63667
-1.63333
-1.67
-1.67
-1.62444
-1.67444
-1.70889
-1.64556
-1.60222
-1.64444
-1.65333
-1.64778
-1.61
-1.59556
-1.63556
-1.65
-1.64889
-1.66778
-1.61778
-1.66
-1.63889
-1.56889
-1.61333
-1.55222
-1.68222
-1.64333
-1.62444
-1.60667
-1.70556
-1.62444
-1.69556
-1.66333
-1.61778
-1.66667
-1.64556
-1.63889
-1.64778
-1.60889
-1.62556
-1.66444
-1.64556
-1.60556
-1.64556
-1.64
-1.59222
-1.67333
-1.59667
-1.59556
-1.64778
-1.59889
-1.68778
-1.64444
-1.65556
-1.58333
-1.63333
-1.57333
-1.63222
-1.65778
-1.64
-1.60222
-1.65889
-1.62444
-1.62889
-1.60333
-1.66111
-1.63556
-1.62556
-1.60333
-1.54667
-1.72889
-1.61444
-1.57
-1.65556
-1.63556
-1.63889
-1.64222
-1.69333
-1.62
-1.63556
-1.64444
-1.60111
-1.59222
-1.64667
-1.64111
-1.66778
-1.61111
-1.62333
-1.63111
-1.67444
-1.62778
-1.67556
-1.64889
-1.58556
-1.68333
-1.60333
-1.58333
-1.54889
-1.63889
-1.61556
-1.62444
-1.63556
-1.59667
-1.67222
-1.64778
-1.61778
-1.62667
-1.60667
-1.64
-1.66222
-1.65778
-1.58778
-1.64667
-1.68222
-1.62556
-1.64778
-1.66889
-1.69333
-1.67333
-1.59889
-1.63222
-1.68667
-1.64667
-1.58667
-1.61889
-1.67667
-1.64889
-1.61556
-1.65333
-1.56111
-1.63222
-1.60111
-1.56556
-1.58556
-1.68556
-1.63333
-1.58778
-1.62889
-1.57667
-1.6
-1.65889
-1.66444
-1.60556
-1.64222
-1.62778
-1.66778
-1.69111
-1.64444
-1.63333
-1.66111
-1.62889
-1.64111
-1.57111
-1.62778
-1.62222
-1.65778
-1.60111
-1.59889
-1.64333
-1.65
-1.63778
-1.58667
-1.62111
-1.67444
-1.63222
-1.57556
-1.67222
-1.66
-1.61111
-1.62333
-1.61778
-1.67778
-1.63
-1.63
-1.65111
-1.61556
-1.64667
-1.64111
-1.59333
-1.66
-1.57222
-1.62111
-1.64333
-1.62444
-1.58333
-1.66778
-1.61111
-1.62222
-1.64222
-1.67111
-1.60111
-1.64333
-1.64444
-1.62111
-1.56778
-1.62778
-1.68889
-1.67778
-1.65222
-1.62
-1.62
-1.64889
-1.60111
-1.65222
-1.66333
-1.69333
-1.57778
-1.53889
-1.64
-1.66556
-1.66111
-1.68333
-1.67667
-1.62
-1.67889
-1.55778
-1.66333
-1.59444
-1.60778
-1.66111
-1.56556
-1.65333
-1.64333
-1.62556
-1.55778
-1.66556
-1.62
-1.70778
-1.60222
-1.61889
-1.65
-1.64
-1.56111
-1.60222
-1.66222
-1.66222
-1.59778
-1.67444
-1.52111
-1.64444
-1.62667
-1.67222
-1.60778
-1.56333
-1.67333
-1.63
-1.59778
-1.61778
-1.57889
-1.59444
-1.66
-1.63222
-1.62444
-1.65889
-1.68556
-1.61556
-1.62667
-1.67
-1.64667
-1.58667
-1.60333
-1.56444
-1.62333
-1.64333
-1.56
-1.69556
-1.68444
-1.60222
-1.60667
-1.62667
-1.63667
-1.69889
-1.60333
-1.67111
-1.62
-1.69444
-1.63667
-1.64
-1.64
-1.68778
-1.55
-1.64889
-1.6
-1.66667
-1.58556
-1.68222
-1.62111
-1.69889
-1.71667
-1.65444
-1.58333
-1.63667
-1.61333
-1.59
-1.67667
-1.62111
-1.65556
-1.64889
-1.64556
-1.62667
-1.59
-1.60889
-1.66333
-1.64778
-1.66889
-1.65222
-1.61444
-1.55111
-1.67444
-1.67778
-1.67
-1.58444
-1.6
-1.55889
-1.57556
-1.62778
-1.64889
-1.68889
-1.61778
-1.62333
-1.67
-1.63222
-1.61444
-1.67222
-1.60333
-1.65222
-1.62333
-1.58778
-1.68333
-1.65111
-1.59889
-1.60889
-1.58889
-1.63444
-1.65444
-1.63889
-1.61333
-1.63778
-1.62778
-1.68111
-1.60667
-1.63111
-1.65778
-1.62556
-1.68778
-1.59444
-1.65222
-1.65333
-1.65
-1.59222
-1.68556
-1.66333
-1.71444
