0.808889
0.871667
0.845556
0.880556
0.853333
0.847222
0.868333
0.859444
0.866111
0.828333
0.893889
0.842778
0.87
0.867222
0.853889
0.855556
0.816667
0.875556
0.850556
0.882222
0.871111
0.86
0.846111
0.86
0.875556
0.863889
0.837778
0.893333
0.872778
0.865556
0.856667
0.842222
0.769444
0.869444
0.851667
0.797778
0.862778
0.867222
0.854444
0.865
0.87
0.859444
0.805
0.881667
0.888333
0.864444
0.843333
0.873333
0.846111
0.832222
0.874444
0.877778
0.867778
0.862778
0.881111
0.902222
0.895556
0.878333
0.835
0.843889
0.897778
0.876111
0.868333
0.882778
0.842222
0.851667
0.833889
0.849444
0.836667
0.863889
0.846111
0.888889
0.872222
0.856111
0.863889
0.862222
0.855
0.838333
0.868333
0.824444
0.881667
0.845556
0.868889
0.836111
0.840556
0.868333
0.824444
0.861111
0.858333
0.828333
0.868333
0.850556
0.867778
0.870556
0.859444
0.862778
0.865556
0.836111
0.852222
0.81
0.883889
0.877778
0.873333
0.868333
0.845556
0.862778
0.810556
0.880556
0.878333
0.86
0.823333
0.840556
0.850556
0.859444
0.882778
0.837778
0.842222
0.855
0.886667
0.877222
0.893889
0.882778
0.883889
0.866667
0.86
0.880556
0.865556
0.827778
0.862778
0.849444
0.890556
0.873333
0.843889
0.822222
0.844444
0.824444
0.893889
0.854444
0.874444
0.885556
0.865
0.837222
0.838333
0.824444
0.873333
0.865556
0.867222
0.82
0.884444
0.841667
0.86
0.843333
0.876667
0.85
0.887222
0.77
0.826667
0.871111
0.876111
0.848889
0.856667
0.881111
0.74
0.786667
0.871111
0.873333
0.86
0.891111
0.89
0.847778
0.893889
0.870556
0.818889
0.846111
0.867222
0.862778
0.861667
0.857778
0.872778
0.875556
0.871667
0.826667
0.821667
0.872778
0.842778
0.845556
0.848333
0.818333
0.837778
0.829444
0.827778
0.826111
0.894444
0.853333
0.840556
0.855556
0.828889
0.871667
0.851667
0.795556
0.857222
0.891111
0.868889
0.887222
0.803889
0.846111
0.715
0.870556
0.874444
0.865556
0.846667
0.804444
0.857222
0.888889
0.882778
0.862778
0.857222
0.869444
0.805556
0.789444
0.867778
0.847778
0.853889
0.842778
0.862222
0.877778
0.876111
0.883333
0.877778
0.846111
0.873333
0.861667
0.858333
0.846111
0.862222
0.832778
0.798333
0.855556
0.71
0.735
0.796111
0.827222
0.892222
0.870556
0.848333
0.852222
0.822778
0.839444
0.876111
0.858889
0.778889
0.875556
0.842222
0.857222
0.831667
0.851667
0.833889
0.865
0.845556
0.781667
0.832778
0.850556
0.841667
0.856667
0.828333
0.864444
0.869444
0.862222
0.855
0.881667
0.857222
0.891111
0.833889
0.811111
0.856111
0.830556
0.873889
0.85
0.875556
0.892778
0.87
0.818889
0.844444
0.8
0.755
0.797778
0.849444
0.874444
0.856667
0.83
0.806667
0.872778
0.819444
0.842222
0.816667
0.864444
0.867222
0.903333
0.833889
0.882778
0.838333
0.884444
0.862222
0.887222
0.843889
0.822778
0.848333
0.821111
0.867778
0.856667
0.907222
0.834444
0.783889
0.861667
0.842778
0.838889
0.887222
0.827778
0.823889
0.835
0.878333
0.891667
0.834444
0.839444
0.866667
0.864444
0.868889
0.842222
0.856111
0.847778
0.839444
0.885556
0.832222
0.834444
0.810556
0.851111
0.871111
0.863333
0.848889
0.818889
0.830556
0.841111
0.886111
0.85
0.890556
0.810556
0.817778
0.867222
0.872222
0.883333
0.886667
0.838889
0.85
0.821667
0.833333
0.819444
0.891667
0.810556
0.882778
0.811111
0.842778
0.808889
0.835556
0.87
0.787222
0.838889
0.85
0.834444
0.831111
0.889444
0.835
0.857778
0.849444
0.853889
0.864444
0.83
0.856111
0.864444
0.815556
0.847778
0.752778
0.875556
0.831667
0.839444
0.856667
0.828889
0.873889
0.867222
0.816667
0.848889
0.857222
0.876667
0.884444
0.838333
0.783333
0.89
0.861667
0.876667
0.858333
0.818333
0.871111
0.875556
0.840556
0.87
0.815556
0.868889
0.856667
0.866111
0.881111
0.855556
0.876111
0.843889
0.844444
0.820556
0.827778
0.876667
0.872778
0.840556
0.873889
0.856111
0.867778
0.869444
0.885
0.830556
0.83
0.836111
0.847778
0.880556
0.872222
0.851667
0.876111
0.835
0.834444
0.878333
0.846667
0.903333
0.804444
0.892778
0.875556
0.852778
0.861111
0.853889
0.781111
0.798889
0.831667
0.885556
0.848889
0.802778
0.803889
0.867222
0.839444
0.848889
0.813889
0.857222
0.824444
0.851667
0.864444
0.838889
0.862778
0.837222
0.808333
0.877222
0.874444
0.875
0.899444
0.836667
0.869444
0.853889
0.89
0.853889
0.869444
0.870556
0.825
0.841111
0.844444
0.808889
0.82
0.855556
0.892222
0.891111
0.845
0.88
0.857778
0.882778
0.882778
0.839444
0.831667
0.838333
0.851667
0.847778
0.873333
0.828333
0.858889
0.837222
0.837222
0.857222
0.812222
0.868333
0.867778
0.857222
0.852778
0.857778
0.838889
0.871667
0.854444
0.815
0.834444
0.843889
0.798889
0.867222
0.884444
0.842222
0.841111
0.835556
0.840556
0.855556
0.862222
0.84
0.854444
0.856111
0.824444
0.853333
0.877222
0.883889
0.826111
0.821667
0.848889
0.841111
0.869444
0.855
0.829444
0.855
0.852778
0.846667
0.885556
0.885556
0.882778
0.865
0.88
0.855556
0.835556
0.856111
0.855
0.852222
0.811111
0.803889
0.883889
0.876667
0.868333
0.876667
0.880556
0.813333
0.850556
0.871111
0.867778
0.875
0.835
0.861111
0.865
0.812222
0.872778
0.845556
0.843333
0.891111
0.838889
0.810556
0.830556
0.837778
0.852778
0.822222
0.866667
0.882222
0.864444
0.748333
0.843333
0.873889
0.857778
0.888889
0.813889
0.839444
0.797222
0.85
0.873333
0.85
0.873333
0.906667
0.881111
0.869444
0.808333
0.884444
0.828889
0.882778
0.872778
0.877778
0.855556
0.778889
0.867222
0.848889
0.862222
0.866667
0.837778
0.851667
0.855556
0.867778
0.853333
0.858333
0.874444
0.883333
0.840556
0.814444
0.799444
0.839444
0.808333
0.875
0.866111
0.813889
0.801111
0.860556
0.838889
0.838889
0.884444
0.854444
0.88
0.850556
0.849444
0.837778
0.892778
0.883333
0.767222
0.792778
0.868889
0.864444
0.898889
0.854444
0.864444
0.831667
0.856667
0.881667
0.862778
0.798333
0.817222
0.864444
0.876667
0.822222
0.876667
0.838333
0.863333
0.862778
0.865556
0.836667
0.875556
0.825
0.874444
0.817778
0.875
0.866111
0.862222
0.883889
0.815
0.872778
0.876111
0.832778
0.898333
0.841111
0.855
0.871667
0.846667
0.865
0.909444
0.870556
0.846111
0.864444
0.868333
0.778333
0.874444
0.838333
0.847222
0.802222
0.877778
0.855556
0.845556
0.786667
0.876111
0.853889
0.856667
0.833889
0.845
0.896667
0.851667
0.849444
0.836111
0.826111
0.835556
0.841111
0.888889
0.822778
0.878889
0.857222
0.854444
0.877778
0.831667
0.851667
0.785556
0.834444
0.837222
0.848333
0.855
0.865
0.843333
0.865
0.88
0.85
0.860556
0.878333
0.847778
0.782222
0.820556
0.821667
0.892222
0.846667
0.86
0.767778
0.836111
0.888333
0.84
0.793889
0.815
0.881111
0.880556
0.876111
0.862778
0.856667
0.911667
0.872778
0.868333
0.888333
0.874444
0.871667
0.873333
0.881111
0.861667
0.874444
0.856667
0.860556
0.858333
0.821111
0.853333
0.853889
0.845
0.795556
0.817222
0.86
0.877222
0.877222
0.839444
0.857778
0.862222
0.891667
0.783333
0.852222
0.812222
0.86
0.863333
0.836111
0.808889
0.808333
0.840556
0.864444
0.811667
0.871667
0.803889
0.840556
0.896111
0.819444
0.821111
0.851667
0.86
0.851111
0.861111
0.886111
0.852778
0.847778
0.845556
0.811667
0.849444
0.793889
0.850556
0.886111
0.805
0.867778
0.879444
0.852222
0.885
0.880556
0.882778
0.865
0.88
0.842222
0.853333
0.825
0.856111
0.86
0.872778
0.903333
0.897222
0.824444
0.872222
0.848889
0.855556
0.796111
0.769444
0.812222
0.866667
0.911111
0.865556
0.803889
0.846667
0.853333
0.785556
0.846667
0.830556
0.85
0.835556
0.862778
0.864444
0.858333
0.835556
0.848889
0.876111
0.843333
0.858889
0.808889
0.805556
0.843333
0.816667
0.818889
0.855
0.860556
0.845
0.835556
0.835
0.836111
0.887222
0.866111
0.875
0.790556
0.895
0.883889
0.841667
0.886111
0.861667
0.869444
0.838889
0.83
0.76
0.877222
0.86
0.854444
0.905
0.866667
0.852778
0.844444
0.802778
0.793889
0.883333
0.864444
0.871111
0.865556
0.826111
0.858889
0.833889
0.819444
0.808333
0.787222
0.875
0.851111
0.861667
0.878889
0.877778
0.879444
0.887222
0.893333
0.838889
0.785
0.848333
0.872778
0.875556
0.863333
0.86
0.871667
0.844444
0.863889
0.79
0.872778
0.836111
0.797222
0.866111
0.83
0.87
0.886667
0.87
0.824444
0.798333
0.867222
0.831111
0.854444
0.810556
0.832222
0.841111
0.842778
0.864444
0.853889
0.824444
0.85
0.891667
0.866111
0.8
0.776667
0.856111
0.862222
0.883333
0.871667
0.85
0.86
0.816667
0.862222
0.879444
0.819444
0.870556
0.839444
0.861667
0.859444
0.851667
0.896111
0.849444
0.886667
0.781111
0.858333
0.876667
0.856667
0.844444
0.857222
0.829444
0.865
0.853333
0.808889
0.833333
0.868889
0.871111
0.875556
0.837778
0.886667
0.842778
0.878333
0.861111
0.858889
0.772778
0.815
0.892778
0.861667
0.874444
0.814444
0.865
0.832222
0.825
0.83
0.856111
0.874444
0.830556
0.872778
0.815
0.876111
0.830556
0.834444
0.861111
0.835556
0.844444
0.862778
0.848333
0.834444
0.838889
0.782778
0.811111
0.851111
0.823889
0.891111
0.853333
0.809444
0.846111
0.875
0.859444
0.833333
0.84
0.818889
0.887778
0.858333
0.873889
0.84
0.831111
0.867222
0.819444
0.872778
0.861667
0.859444
0.835556
0.855556
0.798333
0.852778
0.821111
0.86
0.811667
0.784444
0.822778
0.886111
0.871667
0.861111
0.866667
0.838333
0.841111
0.858333
0.873889
0.854444
0.867778
0.873333
0.857222
0.858889
0.867222
0.801667
0.838889
0.85
0.878889
0.821667
0.841667
0.878889
0.858333
0.878333
0.818889
0.856667
0.847222
0.841667
0.859444
0.839444
0.875
0.871111
0.831111
0.867778
0.850556
0.878889
0.851667
0.847778
0.857222
0.887778
0.797222
0.865
0.877778
0.855556
0.818889
0.842222
0.847222
0.883889
0.856667
0.871667
0.873889
0.878333
0.783333
0.875556
0.842778
0.853889
0.802222
0.873333
0.798333
0.853333
0.847222
0.881667
0.822778
0.839444
0.781111
0.815556
0.833889
0.788889
0.866111
0.835
0.852222
0.868889
0.84
0.853333
0.875556
0.845556
0.875
0.840556
0.875
0.836667
0.863333
0.869444
0.846667
0.865
0.812778
0.827778
0.892222
0.863889
0.857222
0.863889
0.810556
0.870556
0.857778
0.880556
0.852778
0.861667
0.807222
0.875556
0.797222
0.85
0.865
0.88
0.847222
0.843889
0.885
0.882222
0.837778
0.848333
0.882778
0.862222
0.840556
0.850556
0.866667
0.867222
0.853333
0.884444
0.831111
0.874444
0.830556
0.841667
0.856667
0.862222
0.831111
0.865
0.853889
0.870556
0.825
0.773333
0.833333
0.863889
0.838889
0.870556
0.760556
0.881667
0.882222
0.885556
0.834444
0.823333
0.875
0.846111
0.864444
0.847222
0.876667
0.849444
0.873889
0.873889
0.847222
0.901667
0.853889
0.798889
0.793333
0.849444
0.737778
0.83
0.836111
0.845
0.851111
0.861667
0.887778
0.868889
0.857778
0.827222
0.861111
0.868333
0.86
0.922222
0.893889
0.88
0.831111
0.849444
0.864444
0.863333
0.88
0.858333
0.879444
0.817222
0.864444
0.839444
0.867778
0.845556
0.854444
0.835556
0.878889
0.862222
0.834444
0.858889
0.875
0.823333
0.863889
0.876111
0.861667
0.872778
0.855556
0.891111
0.900556
0.836667
0.852222
0.885556
0.832778
0.836667
0.881667
0.826111
0.857222
0.863333
0.845556
0.800556
0.821111
0.822222
0.843333
0.812222
0.855
0.852222
0.884444
0.830556
0.831111
0.847778
0.832778
0.858889
0.868889
0.862778
0.853333
0.868889
0.845
0.854444
0.881111
0.828333
0.847222
0.896111
0.852778
0.835
0.876111
0.879444
0.856667
0.833889
0.858889
0.866111
0.894444
0.836667
0.833889
0.84
0.866111
0.828333
0.861111
0.887778
0.861667
0.87
0.823889
0.847778
0.860556
0.841111
0.858889
0.871667
0.812778
0.856111
0.843889
0.868333
0.849444
0.861111
0.849444
0.882222
0.824444
0.836667
0.89
0.868889
0.836111
0.843333
0.892778
0.838889
0.820556
0.843333
0.847778
0.851111
0.877222
0.834444
0.851667
0.872778
0.831667
0.806111
0.839444
0.877222
0.847222
0.851111
0.893333
0.858333
0.865
0.836667
0.855556
0.832778
0.848333
0.881667
0.848333
0.875556
0.825
0.842222
0.846667
0.815556
0.833333
0.867778
0.857222
0.836667
0.894444
0.849444
0.858889
0.871667
0.83
0.841667
0.885
0.841667
0.837222
0.863333
0.819444
0.800556
0.859444
0.877222
0.855556
0.872778
0.872778
0.839444
0.854444
0.867778
0.873333
0.857778
0.883333
0.892222
0.858889
0.832778
0.785556
0.812778
0.801667
0.862778
0.837778
0.877778
0.8
0.865
0.872222
0.852778
0.839444
0.882222
0.869444
0.808889
0.732222
0.857778
0.833889
0.882222
0.848889
0.817222
0.868889
0.853889
0.838889
0.829444
0.829444
0.834444
0.848889
0.817778
0.855
0.858333
0.867778
0.832778
0.858333
0.862778
0.882222
0.872778
0.827222
0.877778
0.743333
0.805556
0.822222
0.819444
0.868333
0.872222
0.887222
0.861111
0.791111
0.845
0.876667
0.843333
0.872222
0.871111
0.871667
0.856667
0.865
0.822222
0.895556
0.852778
0.845556
0.866111
0.822222
0.893333
0.863889
0.85
0.852778
0.807222
0.877778
0.846667
0.845
0.843889
0.887222
0.872778
0.826667
0.872222
0.834444
0.794444
0.836111
0.825556
0.87
0.844444
0.84
0.844444
0.845
0.804444
0.85
0.84
0.863889
0.860556
0.833333
0.868333
0.842778
0.858333
0.902778
0.834444
0.856667
0.826667
0.892778
0.813889
0.832222
0.857222
0.86
0.862222
0.87
0.846667
0.892778
0.897222
0.807778
0.884444
0.822778
0.798889
0.853333
0.867222
0.886667
0.851667
0.881667
0.881111
0.881111
0.87
0.853333
0.868889
0.857222
0.865
0.813889
0.855
0.83
0.825
0.862778
0.875556
0.865556
0.841667
0.846111
0.805556
0.871111
0.885
0.830556
0.882222
0.853333
0.798333
0.88
0.859444
0.881667
0.902778
0.879444
0.854444
0.844444
0.826111
0.865
0.796667
0.868889
0.874444
0.857222
0.875
0.845
0.852778
0.827778
0.835556
0.890556
0.830556
0.853333
0.869444
0.87
0.848889
0.828333
0.856667
0.780556
0.877222
0.842222
0.845
0.853889
0.851111
0.853333
0.874444
0.890556
0.902222
0.84
0.894444
0.856111
0.872222
0.83
0.880556
0.84
0.83
0.77
0.830556
0.816667
0.856667
0.843333
0.861667
0.820556
0.827222
0.855556
0.862778
0.883333
0.858889
0.832778
0.863333
0.86
0.868333
0.86
0.838889
0.875556
0.832778
0.850556
0.856667
0.827778
0.891111
0.836111
0.864444
0.814444
0.838333
0.822222
0.865
0.861111
0.827778
0.828889
0.881111
0.878333
0.877778
0.826667
0.816111
0.825
0.868889
0.817778
0.863889
0.872222
0.886667
0.879444
0.841111
0.81
0.721667
0.849444
0.848333
0.883889
0.860556
0.793889
0.854444
0.811667
0.877222
0.845
0.85
0.899444
0.794444
0.865
0.88
0.852222
0.841111
0.821111
0.856667
0.851667
0.770556
0.866667
0.875556
0.881667
0.858889
0.853889
0.892778
0.871667
0.809444
0.845
0.863889
0.855
0.878889
0.853333
0.848889
0.877778
0.875
0.860556
0.907778
0.873333
0.866111
0.884444
0.865
0.853889
0.882222
0.880556
0.875556
0.807222
0.847778
0.788889
0.84
0.870556
0.893889
0.847222
0.842222
0.824444
0.787222
0.866111
0.885556
0.852222
0.840556
0.874444
0.856667
0.793889
0.845
0.809444
0.845
0.844444
0.855556
0.837222
0.855556
0.835556
0.880556
0.841111
0.849444
0.868889
0.890556
0.805556
0.859444
0.773333
0.862222
0.823333
0.841667
0.851111
0.875556
0.877222
0.783889
0.856667
0.869444
0.868333
0.836111
0.857222
0.854444
0.869444
0.877778
0.865
0.895556
0.869444
0.818333
0.883333
0.856667
0.851667
0.859444
0.858333
0.859444
0.803889
0.888889
0.861111
0.808889
0.852778
0.878333
0.853889
0.870556
0.850556
0.857222
0.867778
0.859444
0.836667
0.816111
0.794444
0.859444
0.911667
0.853889
0.865556
0.801667
0.827778
0.846111
0.831111
0.846111
0.811667
0.886111
0.866667
0.882222
0.825556
0.839444
0.832222
0.847222
0.859444
0.88
0.864444
0.848333
0.865556
0.851667
0.826667
0.853333
0.86
0.793333
0.864444
0.843333
0.853889
0.858889
0.868333
0.859444
0.881111
0.876111
0.853333
0.860556
0.881667
0.825
0.883889
0.855556
0.890556
0.815556
0.832222
0.820556
0.822778
0.883889
0.865
0.824444
0.860556
0.897222
0.854444
0.836111
0.857778
0.813333
0.876111
0.868333
0.875
0.818333
0.869444
0.868333
0.86
0.864444
0.844444
0.812778
0.856111
0.777778
0.882778
0.83
0.840556
0.842222
0.866111
0.866111
0.863333
0.858889
0.866111
0.851111
0.875556
0.875556
0.835556
0.877222
0.86
0.841111
0.838333
0.861111
0.873333
0.862222
0.842778
0.875
0.866667
0.811667
0.771667
0.834444
0.878333
0.873333
0.873889
0.861667
0.821111
0.866111
0.855
0.865556
0.82
0.855
0.868889
0.865
0.872778
0.818333
0.9
0.853333
0.866111
0.798333
0.868889
0.861111
0.852778
0.817222
0.836667
0.884444
0.856667
0.810556
0.894444
0.845
0.847222
0.857778
0.862222
0.882778
0.880556
0.855
0.864444
0.846667
0.798333
0.855556
0.896667
0.844444
0.836667
0.883333
0.837222
0.873333
0.861111
0.887778
0.881111
0.784444
0.897778
0.855
0.781667
0.887778
0.870556
0.808333
0.852778
0.83
0.849444
0.840556
0.832222
0.879444
0.841111
0.820556
0.871667
0.833889
0.902222
0.835
0.868889
0.819444
0.858333
0.865556
0.79
0.848333
0.876667
0.858333
0.825
0.859444
0.838889
0.823333
0.839444
0.840556
0.827222
0.847778
0.833333
0.89
0.892222
0.9
0.848333
0.871111
0.879444
0.862222
0.873333
0.883333
0.82
0.884444
0.837222
0.844444
0.876111
0.840556
0.850556
0.836111
0.866111
0.876111
0.853889
0.847222
0.870556
0.797222
0.836667
0.835
0.852778
0.853333
0.893333
0.829444
0.858889
0.76
0.870556
0.847778
0.823889
0.833889
0.857222
0.862222
0.852778
0.871111
0.867778
0.872778
0.818889
0.804444
0.885
0.853333
0.852222
0.849444
0.857778
0.898333
0.856667
0.87
0.863333
0.878333
0.835
0.868889
0.855
0.871111
0.887778
0.859444
0.844444
0.800556
0.883889
0.84
0.878889
0.838889
0.857778
0.87
0.823889
0.900556
0.883889
0.857778
0.832222
0.841667
0.866667
0.838889
0.85
0.847222
0.883333
0.836667
0.881667
0.828333
0.89
0.861111
0.831667
0.858333
0.8
0.827222
0.887222
0.841111
0.854444
0.853889
0.862222
0.886667
0.888889
0.842222
0.838333
0.834444
0.835556
0.849444
0.866667
0.886111
0.860556
0.841667
0.853889
0.877222
0.875
0.811667
0.842222
0.874444
0.875556
0.863333
0.793333
0.853889
0.856667
0.837778
0.837222
0.836111
0.863889
0.861667
0.821667
0.839444
0.832778
0.872778
0.844444
0.856111
0.900556
0.86
0.841111
0.879444
0.901111
0.902222
0.812222
0.866111
0.835
0.836667
0.781111
0.837222
0.861667
0.821667
0.828889
0.852778
0.872778
0.869444
0.777778
0.868333
0.851667
0.871111
0.863333
0.848333
0.889444
0.861667
0.851667
0.890556
0.886667
0.868333
0.872778
0.876667
0.858333
0.845
0.856111
0.853889
0.816111
0.834444
0.866111
0.881111
0.775556
0.86
0.853889
0.85
0.831667
0.843333
0.877222
0.865556
0.901111
0.848889
0.841111
0.852778
0.805
0.73
0.854444
0.832778
0.813333
0.835
0.841667
0.878333
0.873889
0.841111
0.880556
0.885
0.883333
0.855
0.868889
0.803889
0.774444
0.848333
0.892778
0.830556
0.843889
0.843889
0.743333
0.877222
0.859444
0.755556
0.85
0.847778
0.856111
0.885
0.886111
0.875556
0.896667
0.861111
0.836111
0.851667
0.831111
0.89
0.835
0.861111
0.852222
0.883889
0.892778
0.819444
0.828889
0.831667
0.851111
0.858889
0.828889
0.883889
0.862222
0.822778
0.882222
0.878333
0.85
0.888889
0.871111
0.856111
0.858333
0.880556
0.872778
0.855556
0.811667
0.856111
0.861111
0.861111
0.795556
0.854444
0.852222
0.819444
0.801111
0.849444
0.877222
0.815
0.797222
0.884444
0.873333
0.807778
0.816111
0.863333
0.798889
0.82
0.862222
0.872222
0.844444
0.832778
0.842222
0.824444
0.873333
0.872778
0.796667
0.794444
0.862222
0.832778
0.868889
0.889444
0.841111
0.890556
0.860556
0.867778
0.819444
0.839444
0.838333
0.82
0.862778
0.843333
0.867778
0.842778
0.856667
0.842222
0.875
0.835556
0.833889
0.807778
0.858889
0.840556
0.878889
0.846667
0.829444
0.840556
0.838333
0.84
0.871667
0.879444
0.829444
0.822778
0.820556
0.87
0.857778
0.850556
0.827778
0.883889
0.85
0.853889
0.827778
0.871111
0.783333
0.868333
0.89
0.862222
0.822778
0.87
0.848889
0.891111
0.887222
0.877222
0.876111
0.891111
0.855556
0.828333
0.863889
0.823889
0.845
0.846667
0.846111
0.848889
0.853333
0.810556
0.879444
0.873333
0.840556
0.876667
0.857222
0.856667
0.825
0.845
0.853889
0.834444
0.842778
0.842222
0.871667
0.893889
0.848889
0.848889
0.801111
0.843333
0.871667
0.856111
0.866111
0.853889
0.836111
0.868333
0.828889
0.864444
0.871111
0.872222
0.875556
0.807222
0.838333
0.908889
0.847222
0.856667
0.888889
0.882778
0.850556
0.838333
0.828333
0.816667
0.837778
0.823333
0.826667
0.845556
0.760556
0.865556
0.831111
0.885
0.817778
0.841111
0.858333
0.847222
0.820556
0.877778
0.863333
0.855
0.788889
0.826667
0.882778
0.889444
0.846111
0.892222
0.849444
0.758889
0.767222
0.816111
0.826111
0.791667
0.861111
0.849444
0.873889
0.871667
0.875556
0.863333
0.825556
0.840556
0.851667
0.897778
0.853333
0.834444
0.778333
0.821111
0.813889
0.801667
0.875
0.842778
0.802778
0.872222
0.787778
0.854444
0.873333
0.835
0.829444
0.877778
0.825
0.845
0.853889
0.862222
0.817778
0.829444
0.878889
0.87
0.819444
0.782778
0.843333
0.859444
0.816667
0.88
0.855556
0.865
0.78
0.879444
0.825556
0.815556
0.786667
0.857222
0.824444
0.88
0.822778
0.877778
0.820556
0.892222
0.857222
0.832778
0.831111
0.848889
0.788889
0.871111
0.853889
0.815556
0.882778
0.886667
0.821111
0.850556
0.878889
0.806111
0.791111
0.843889
0.871111
0.822222
0.852778
0.826667
0.824444
0.856111
0.852778
0.881111
0.89
0.843333
0.862778
0.865
0.818333
0.823889
0.831111
0.85
0.827222
0.877778
0.807222
0.886667
0.880556
0.872222
0.866111
0.850556
0.881667
0.815
0.878333
0.856111
0.884444
0.876111
0.857222
0.870556
0.83
0.836667
0.843333
0.893889
0.867778
0.861667
0.859444
0.873889
0.857778
0.81
0.869444
0.835556
0.783889
0.863333
0.869444
0.853333
0.881111
0.857222
0.815556
0.889444
0.848889
0.820556
0.860556
0.811667
0.826667
0.838889
0.827222
0.855
0.884444
0.813889
0.779444
0.797778
0.868889
0.852222
0.848333
0.836667
0.872778
0.857778
0.842222
0.858333
0.837222
0.854444
0.872222
0.832222
0.892778
0.887222
0.879444
0.876111
0.856667
0.842222
0.838889
0.85
0.835
0.864444
0.874444
0.855
0.88
0.829444
0.834444
0.831111
0.815
0.853889
0.890556
0.845
0.882222
0.818333
0.83
0.815556
0.866111
0.84
0.81
0.757778
0.859444
0.820556
0.845
0.834444
0.858889
0.821667
0.870556
0.858889
0.882222
0.866667
0.837778
0.852222
0.838889
0.868889
0.88
0.863333
0.798333
0.84
0.843889
0.857222
0.860556
0.861111
0.823889
0.841667
0.836667
0.88
0.818889
0.902778
0.862222
0.833333
0.86
0.853333
0.866667
0.838333
0.840556
0.831667
0.865
0.862778
0.836667
0.808333
0.777778
0.822222
0.861111
0.845
0.852778
0.882778
0.835
0.848333
0.847222
0.9
0.869444
0.857778
0.862778
0.846111
0.887222
0.892778
0.828889
0.844444
0.837222
0.873889
0.862778
0.872778
0.851667
0.862222
0.892778
0.871111
0.825556
0.85
0.869444
0.842778
0.907778
0.858889
0.850556
0.767222
0.835556
0.814444
0.821667
0.755
0.789444
0.866111
0.850556
0.827778
0.864444
0.877778
0.836667
0.809444
0.885
0.867778
0.823889
0.798333
0.850556
0.866111
0.88
0.857222
0.895
0.843333
0.884444
0.852222
0.818889
0.842778
0.881111
0.869444
0.85
0.866667
0.857222
0.865
0.816667
0.900556
0.863333
0.847222
0.843889
0.812222
0.865556
0.858333
0.826111
0.853889
0.827778
0.828889
0.861667
0.897778
0.880556
0.846111
0.867222
0.866667
0.866111
0.880556
0.892778
0.869444
0.865
0.827778
0.828333
0.886667
0.873889
0.858889
0.867222
0.878333
0.89
0.837222
0.888889
0.861667
0.817222
0.862222
0.833333
0.884444
0.842778
0.846667
0.859444
0.868333
0.85
0.835556
0.858889
0.87
0.842222
0.869444
0.88
0.82
0.854444
0.846111
0.812778
0.822222
0.865
0.879444
0.818889
0.866111
0.870556
0.847778
0.891667
0.833333
0.853889
0.803889
0.846667
0.875556
0.881111
0.871667
0.801111
0.820556
0.836667
0.875556
0.857778
0.867778
0.842778
0.857222
0.846667
0.827222
0.875
0.847778
0.814444
0.838889
0.887222
0.839444
0.875556
0.883889
0.865556
0.862778
0.833333
0.839444
0.866667
0.829444
0.87
0.847778
0.853333
0.872778
0.796111
0.868333
0.857222
0.847222
0.796667
0.878889
0.876111
0.873889
0.855
0.856667
0.868333
0.8
0.863889
0.806667
0.839444
0.874444
0.856667
0.793333
0.876667
0.869444
0.861667
0.857778
0.871111
0.880556
0.89
0.871111
0.890556
0.883333
0.896111
0.862222
0.883333
0.802778
0.822222
0.823333
0.807222
0.85
0.885556
0.861667
0.846111
0.86
0.848889
0.846667
0.837778
0.842222
0.808333
0.917222
0.881111
0.822222
0.87
0.872778
0.833889
0.86
0.863333
0.863889
0.849444
0.882222
0.854444
0.827778
0.855556
0.852778
0.847778
0.848333
0.835556
0.827222
0.819444
0.846667
0.883333
0.84
0.825556
0.84
0.832222
0.876111
0.838333
0.882778
0.847222
0.861667
0.902222
0.821667
0.719444
0.631667
0.661111
0.713889
0.724444
0.807222
0.852222
0.877778
0.88
0.838333
0.901111
0.889444
0.878333
0.830556
0.838333
0.865
0.875556
0.865
0.852222
0.853333
0.85
0.854444
0.872222
0.861111
0.836111
0.856111
0.854444
0.855556
0.848333
0.874444
0.864444
0.857778
0.805
0.816111
0.812778
0.776111
0.869444
0.867222
0.892222
0.836111
0.836667
0.856111
0.862778
0.858889
0.835556
0.818889
0.839444
0.838889
0.86
0.886667
0.842778
0.893333
0.837222
0.883333
0.882222
0.867778
0.857222
0.858889
0.878333
0.86
0.892778
0.883889
0.879444
0.863889
0.883333
0.869444
0.775
0.841667
0.817778
0.813333
0.856111
0.860556
0.817778
0.896111
0.842778
0.852778
0.851111
0.84
0.85
0.833333
0.863889
0.855556
0.846111
0.865
0.856111
0.847778
0.816667
0.856111
0.820556
0.87
0.831667
0.855
0.813889
0.86
0.837778
0.827778
0.857778
0.84
0.86
0.795556
0.824444
0.855556
0.885556
0.848889
0.851667
0.862778
0.873889
0.823889
0.857778
0.882222
0.81
0.826111
0.81
0.868889
0.892222
0.809444
0.848333
0.844444
0.841667
0.877778
0.861667
0.869444
0.836111
0.850556
0.872222
0.847778
0.842222
0.820556
0.857778
0.880556
0.828333
0.861667
0.808889
0.863333
0.873889
0.897222
0.867778
0.758333
0.848889
0.856667
0.886667
0.841667
0.841111
0.832778
0.825
0.893889
0.825
0.856667
0.876111
0.788889
0.85
0.815
0.811111
0.874444
0.871667
0.893333
0.83
0.809444
0.838333
0.846111
0.822222
0.857778
0.867222
0.884444
0.868889
0.883889
0.884444
0.872778
0.885556
0.867778
0.85
0.802222
0.762222
0.823889
0.876667
0.898333
0.84
0.838333
0.886667
0.823889
0.828333
0.843889
0.849444
0.827222
0.830556
0.761667
0.813889
0.872222
0.813889
0.876667
0.862778
0.867778
0.852222
0.87
0.875556
0.866667
0.848889
0.838889
0.848333
0.892778
0.857778
0.833889
0.855556
0.874444
0.843333
0.828889
0.886111
0.870556
0.830556
0.812778
0.827778
0.822778
0.847222
0.828333
0.810556
0.873889
0.878333
0.869444
0.867778
0.84
0.864444
0.848333
0.904444
0.853333
0.816111
0.805
0.852222
0.873333
0.855556
0.828333
0.836667
0.86
0.848889
0.837222
0.880556
0.886667
0.882222
0.877222
0.854444
0.846111
0.882222
0.835556
0.854444
0.891111
0.801111
0.851111
0.845
0.866667
0.865556
0.842222
0.845
0.865556
0.856111
0.863333
0.857222
0.856667
0.84
0.803333
0.865
0.83
0.839444
0.896111
0.835
0.875556
0.841111
0.87
0.866111
0.866667
0.861667
0.855
0.872778
0.878889
0.829444
0.814444
0.85
0.86
0.861111
0.812222
0.753889
0.741111
0.875556
0.884444
0.857778
0.851111
0.773889
0.84
0.861667
0.849444
0.866111
0.859444
0.85
0.872778
0.901111
0.825
0.828889
0.887222
0.88
0.879444
0.853333
0.843889
0.862778
0.854444
0.831111
0.878333
0.827778
0.866667
0.851667
0.857222
0.837778
0.806111
0.863333
0.885556
0.872222
0.880556
0.862778
0.847222
0.835
0.843333
0.86
0.845556
0.867778
0.858333
0.854444
0.864444
0.873333
0.842222
0.854444
0.858333
0.875556
0.868889
0.891111
0.777778
0.856667
0.878889
0.899444
0.85
0.877778
0.878889
0.843333
0.894444
0.803333
0.865
0.875
0.834444
0.877778
0.857778
0.850556
0.863889
0.860556
0.806667
0.858333
0.788889
0.840556
0.858889
0.863333
0.873889
0.862222
0.875
0.855
0.897778
0.831667
0.843333
0.870556
0.826111
0.853889
0.867778
0.846667
0.879444
0.797222
0.867778
0.882778
0.876667
0.833889
0.753889
0.757222
0.801111
0.894444
0.868889
0.847222
0.844444
0.846667
0.836111
0.869444
0.866111
0.867222
0.873333
0.884444
0.87
0.790556
0.888333
0.872222
0.846111
0.83
0.845556
0.895
0.841111
0.866667
0.873333
0.867778
0.845
0.832778
0.745556
0.868889
0.861667
0.849444
0.875556
0.846667
0.824444
0.847778
0.853333
0.854444
0.79
0.868889
0.858333
0.815556
0.885556
0.847778
0.831111
0.827778
0.863889
0.868889
0.802778
0.85
0.847778
0.872778
0.861667
0.859444
0.849444
0.86
0.838889
0.881667
0.890556
0.862222
0.862222
0.872778
0.881667
0.865556
0.871667
0.884444
0.857222
0.836111
0.832778
0.879444
0.840556
0.836111
0.877778
0.865556
0.841111
0.778889
0.872222
0.852222
0.836667
0.883889
0.856111
0.833889
0.852222
0.877778
0.841667
0.788889
0.838889
0.85
0.831667
0.818333
0.807222
0.859444
0.862778
0.86
0.865
0.805556
0.833333
0.813333
0.852222
0.845556
0.859444
0.842778
0.866667
0.807778
0.875556
0.865556
0.835
0.875556
0.864444
0.863889
0.886667
0.86
0.864444
0.856111
0.857222
0.876667
0.878889
0.857222
0.860556
0.857222
0.878333
0.869444
0.858333
0.781111
0.84
0.792222
0.841111
0.892778
0.861667
0.833889
0.875
0.873333
0.83
0.887778
0.869444
0.859444
0.808889
0.844444
0.847778
0.822222
0.775
0.756111
0.841667
0.856667
0.877222
0.875556
0.883889
0.88
0.86
0.892778
0.855556
0.817778
0.834444
0.858333
0.835556
0.811111
0.83
0.875556
0.838889
0.882222
0.807222
0.821667
0.853889
0.866111
0.801667
0.879444
0.798889
0.851667
0.828333
0.855
0.856667
0.773889
0.777222
0.843889
0.887778
0.899444
0.849444
0.853889
0.859444
0.86
0.823333
0.861667
0.872222
0.870556
0.854444
0.856111
0.871111
0.873889
0.823333
0.886667
0.825556
0.867778
0.858333
0.872778
0.868889
0.881111
0.866667
0.857222
0.865
0.853333
0.875556
0.852778
0.842778
0.872778
0.857778
0.881111
0.887778
0.85
0.83
0.842778
0.868333
0.871111
0.863333
0.824444
0.853333
0.898333
0.822222
0.838889
0.831111
0.849444
0.848333
0.847778
0.846111
0.868889
0.866667
0.827778
0.832778
0.865
0.841667
0.835
0.844444
0.842222
0.841667
0.840556
0.826111
0.830556
0.896667
0.805
0.82
0.815
0.757778
0.652222
0.672778
0.770556
0.773333
0.857778
0.883333
0.816111
0.891667
0.778333
0.778333
0.86
0.843889
0.886667
0.874444
0.803889
0.880556
0.862778
0.897222
0.877778
0.881111
0.858889
0.885
0.850556
0.86
0.874444
0.847222
0.841667
0.851667
0.786667
0.788889
0.841111
0.820556
0.85
0.782222
0.862222
0.779444
0.822778
0.886111
0.873889
0.888333
0.8
0.852222
0.876111
0.868889
0.841667
0.884444
0.828333
0.889444
0.825
0.867222
0.814444
0.855556
0.840556
0.849444
0.871667
0.854444
0.865
0.868333
0.866111
0.797222
0.900556
0.877778
0.825556
0.852778
0.852778
0.862222
0.831111
0.885556
0.867222
0.821111
0.79
0.682778
0.706111
0.847778
0.838889
0.808889
0.821667
0.867222
0.835
0.896111
0.862222
0.868889
0.832222
0.845
0.866667
0.849444
0.862778
0.845556
0.872778
0.842222
0.742778
0.834444
0.846111
0.845556
0.861667
0.822778
0.858889
0.856111
0.866667
0.851111
0.845556
0.870556
0.78
0.845556
0.825
0.833333
0.869444
0.856667
0.896667
0.873333
0.875556
0.803333
0.808889
0.853333
0.871667
0.870556
0.846111
0.86
0.87
0.888333
0.811667
0.781667
0.841667
0.87
0.856667
0.901667
0.864444
0.862222
0.848333
0.833333
0.868889
0.831667
0.896667
0.771667
0.872778
0.863889
0.87
0.847778
0.859444
0.84
0.832778
0.861111
0.832222
0.864444
0.86
0.862778
0.856667
0.86
0.867778
0.776111
0.826667
0.742222
0.712222
0.671667
0.764444
0.836667
0.877778
0.820556
0.862778
0.812222
0.851667
0.835556
0.866111
0.849444
0.849444
0.864444
0.896667
0.874444
0.857222
0.858889
0.878333
0.860556
0.853333
0.83
0.845556
0.797778
0.825
0.827778
0.870556
0.838333
0.858889
0.848333
0.898333
0.877778
0.766111
0.848333
0.856667
0.879444
0.853889
0.887778
0.83
0.845
0.833333
0.850556
0.861667
0.866111
0.889444
0.855
0.867778
0.882778
0.868333
0.856667
0.826667
0.856667
0.883333
0.84
0.883889
0.849444
0.875556
0.844444
0.885
0.848889
0.848889
0.878889
0.854444
0.858889
0.880556
0.835
0.861111
0.812778
0.833333
0.871667
0.848889
0.86
0.872222
0.843889
0.843889
0.86
0.894444
0.861111
0.883889
0.826667
0.833333
0.848889
0.831667
0.835
0.828333
0.808333
0.857222
0.815
0.859444
0.780556
0.892222
0.879444
0.833333
0.877222
0.828889
0.809444
0.804444
0.855
0.841111
0.852222
0.843333
0.878333
0.87
0.851667
0.817778
0.832222
0.896111
0.858333
0.831667
0.859444
0.860556
0.811111
0.786111
0.855
0.845
0.847222
0.848889
0.831111
0.855
0.869444
0.858889
0.828333
0.843333
0.856111
0.836667
0.823333
0.852778
0.870556
0.818889
0.874444
0.780556
0.840556
0.830556
0.889444
0.839444
0.888889
0.857778
0.865
0.851111
0.838333
0.859444
0.834444
0.863889
0.862222
0.881667
0.858889
0.841111
0.826111
0.864444
0.837222
0.882778
0.869444
0.866667
0.823889
0.881667
0.883889
0.835
0.871667
0.883889
0.851111
0.873889
0.893333
0.838889
0.867222
0.878889
0.867222
0.857222
0.846667
0.834444
0.814444
0.844444
0.873333
0.839444
0.868889
0.873333
0.885556
0.862222
0.850556
0.844444
0.836111
0.841111
0.864444
0.84
0.878333
0.867222
0.800556
0.855556
0.836667
0.860556
0.841111
0.869444
0.864444
0.826667
0.842222
0.841667
0.817778
0.833889
0.879444
0.87
0.845
0.844444
0.881667
0.866667
0.827778
0.885
0.89
0.859444
0.878889
0.894444
0.885556
0.802778
0.856111
0.834444
0.85
0.856111
0.858889
0.836667
0.868333
0.864444
0.817778
0.835
0.841111
0.861667
0.827222
0.848333
0.893333
0.797222
0.851667
0.833333
0.878889
0.840556
0.848333
0.878889
0.841667
0.870556
0.851667
0.892222
0.886111
0.886667
0.795
0.864444
0.866667
0.847778
0.826111
0.861111
0.880556
0.863889
0.711111
0.822778
0.851111
0.753889
0.843889
0.879444
0.876667
0.84
0.889444
0.856667
0.8
0.872778
0.852778
0.841667
0.842778
0.883333
0.875556
0.854444
0.869444
0.828889
0.857222
0.871111
0.834444
0.890556
0.778333
0.845
0.804444
0.816111
0.857222
0.858333
0.836667
0.850556
0.841111
0.870556
0.847778
0.817222
0.873889
0.843333
0.892778
0.832222
0.908889
0.84
0.760556
0.854444
0.882778
0.858889
0.882222
0.795
0.836111
0.836667
0.836111
0.871111
0.857222
0.816111
0.809444
0.819444
0.857778
0.901667
0.839444
0.816111
0.822222
0.875556
0.808889
0.848889
0.886667
0.852222
0.828889
0.841111
0.814444
0.74
0.895
0.898333
0.876667
0.794444
0.86
0.846111
0.804444
0.827222
0.846667
0.858889
0.812222
0.868889
0.771111
0.876111
0.853333
0.845
0.862778
0.892778
0.866667
0.851111
0.847778
0.858889
0.85
0.866111
0.889444
0.87
0.847778
0.798889
0.856667
0.882222
0.883333
0.853889
0.847222
0.849444
0.839444
0.866667
0.851667
0.866111
0.841667
0.881111
0.839444
0.851667
0.846111
0.88
0.877778
0.842222
0.839444
0.789444
0.699444
0.871111
0.877222
0.779444
0.857222
0.800556
0.892778
0.836667
0.831111
0.846111
0.882778
0.869444
0.868333
0.832778
0.869444
0.871111
0.815
0.867778
0.836667
0.864444
0.865
0.86
0.840556
0.845
0.895556
0.861111
0.838889
0.845556
0.806667
0.832778
0.870556
0.862778
0.865556
0.874444
0.882222
0.869444
0.817778
0.877778
0.859444
0.891667
0.884444
0.827778
0.766667
0.856667
0.871667
0.877778
0.868333
0.846111
0.832222
0.867222
0.862222
0.826667
0.829444
0.817222
0.843333
0.864444
0.848333
0.852222
0.857778
0.832778
0.851667
0.832778
0.820556
0.840556
0.832778
0.827778
0.903333
0.862778
0.863889
0.830556
0.875556
0.842222
0.877222
0.832222
0.86
0.813333
0.847778
0.837222
0.859444
0.866111
0.83
0.864444
0.846667
0.843333
0.856667
0.827222
0.827778
0.860556
0.895556
0.887222
0.838333
0.854444
0.851111
0.776667
0.808333
0.815
0.797778
0.865
0.868889
0.851111
0.872778
0.853333
0.861667
0.854444
0.857222
0.879444
0.812222
0.902222
0.818333
0.798333
0.828889
0.856111
0.865556
0.856111
0.841111
0.865
0.841667
0.875556
0.816111
0.872222
0.850556
0.846667
0.863889
0.866111
0.783889
0.850556
0.863889
0.866111
0.86
0.888333
0.879444
0.825556
0.817778
0.854444
0.841667
0.83
0.88
0.842778
0.842222
0.856111
0.892778
0.855556
0.85
0.858333
0.863333
0.853889
0.856667
0.869444
0.881667
0.873333
0.853333
0.830556
0.885
0.89
0.866111
0.848889
0.884444
0.815556
0.870556
0.856111
0.871667
0.879444
0.875556
0.787778
0.835
0.837222
0.847778
0.852778
0.833333
0.861111
0.844444
0.797778
0.865
0.862778
0.84
0.853333
0.856667
0.878333
0.821111
0.862222
0.832778
0.824444
0.862778
0.866667
0.885556
0.883889
0.832778
0.794444
0.866111
0.802778
0.902222
0.858333
0.838889
0.848889
0.803889
0.841111
0.858889
0.855
0.856667
0.897222
0.86
0.888889
0.863889
0.832222
0.858333
0.882778
0.827778
0.835
0.835556
0.865
0.866667
0.851111
0.865
0.845556
0.891667
0.790556
0.837778
0.850556
0.848889
0.846111
0.858889
0.859444
0.855
0.871111
0.845
0.88
0.888889
0.892778
0.856111
0.847778
0.865556
0.865556
0.837778
0.866667
0.823889
0.872778
0.847222
0.862222
0.887222
0.852222
0.8
0.856111
0.877222
0.832222
0.861667
0.82
0.861111
0.827222
0.867778
0.813889
0.845556
0.862778
0.822778
0.831111
0.875
0.847778
0.797778
0.887222
0.847222
0.762778
0.815
0.842222
0.793333
0.871111
0.865
0.871667
0.847222
0.843889
0.861111
0.863889
0.863333
0.827778
0.865556
0.827778
0.881667
0.827222
0.792222
0.858333
0.860556
0.838889
0.823889
0.885
0.886111
0.846667
0.857222
0.834444
0.811111
0.8
0.889444
0.863333
0.76
0.827778
0.852778
0.892222
0.812778
0.809444
0.690556
0.846667
0.816667
0.816667
0.842222
0.736667
0.801667
0.836667
0.868889
0.877222
0.796667
0.882778
0.842778
0.846667
0.886111
0.825
0.822778
0.88
0.862778
0.88
0.792222
0.852222
0.733333
0.780556
0.872778
0.718333
0.747778
0.808889
0.885556
0.867222
0.895556
0.863889
0.874444
0.844444
0.857222
0.857222
0.856111
0.865
0.857778
0.821111
0.846111
0.887222
0.860556
0.833889
0.851111
0.871111
0.862778
0.852778
0.888889
0.849444
0.877778
0.857778
0.838333
0.843889
0.850556
0.892778
0.887778
0.853333
0.84
0.843333
0.865556
0.863333
0.851111
0.828889
0.868889
0.861111
0.868333
0.865
0.869444
0.830556
0.883889
0.875556
0.861111
0.839444
0.853333
0.825556
0.88
0.887222
0.873889
0.871111
0.848333
0.874444
0.76
0.803889
0.873333
0.86
0.836667
0.865
0.832222
0.856667
0.866667
0.787778
0.813333
0.787222
0.834444
0.821111
0.807778
0.855
0.865
0.841667
0.826111
0.845
0.865
0.842778
0.882778
0.862778
0.8
0.831667
0.827222
0.807222
0.876667
0.877778
0.870556
0.790556
0.815
0.863333
0.898889
0.886667
0.865
0.886111
0.867222
0.902778
0.85
0.857222
0.875556
0.87
0.852778
0.836667
0.865556
0.808889
0.836111
0.833889
0.844444
0.881667
0.822222
0.828889
0.884444
0.890556
0.870556
0.831667
0.843889
0.809444
0.861667
0.854444
0.886667
0.841111
0.901111
0.867222
0.854444
0.892778
0.785556
0.878889
0.828889
0.835556
0.872778
0.866111
0.784444
0.855556
0.836111
0.852222
0.807778
0.844444
0.828333
0.813333
0.872778
0.89
0.847222
0.847778
0.875
0.868889
0.813889
0.852778
0.862222
0.878889
0.86
0.859444
0.827222
0.880556
0.843333
0.881667
0.822778
0.831111
0.858333
0.872778
0.842778
0.853889
0.860556
0.897778
0.874444
0.809444
0.827778
0.864444
0.87
0.896667
0.84
0.865
0.862778
0.849444
0.854444
0.821111
0.862778
0.863889
0.843333
0.803333
0.878333
0.876667
0.852222
0.853889
0.85
0.892222
0.845
0.818333
0.841667
0.805556
0.856111
0.822222
0.886667
0.787222
0.888889
0.860556
0.892778
0.832778
0.827778
0.721667
0.841111
0.868889
0.833333
0.859444
0.822222
0.863333
0.862778
0.858333
0.857778
0.835
0.811111
0.870556
0.871111
0.872222
0.868333
0.851667
0.864444
0.872222
0.832222
0.883889
0.853333
0.836111
0.781667
0.844444
0.795
0.84
0.858333
0.862778
0.891111
0.849444
0.873889
0.86
0.846111
0.847222
0.891667
0.868333
0.829444
0.884444
0.867222
0.865
0.839444
0.826667
0.848333
0.867778
0.83
0.862778
0.821667
0.76
0.814444
0.875556
0.854444
0.861111
0.866667
0.853889
0.872778
0.876111
0.877778
0.858333
0.861111
0.826111
0.856667
0.853889
0.879444
0.830556
0.872778
0.803333
0.776667
0.76
0.837222
0.812778
0.867222
0.855
0.81
0.862778
0.895
0.864444
0.874444
0.833333
0.882222
0.786111
0.822778
0.821111
0.813889
0.895
0.861667
0.871667
0.826111
0.882222
0.846667
0.875
0.771667
0.826667
0.841111
0.850556
0.826111
0.802222
0.86
0.870556
0.867222
0.828333
0.899444
0.852222
0.811111
0.827222
0.837222
0.846667
0.861111
0.86
0.855556
0.832222
0.855
0.832222
0.792222
0.886111
0.834444
0.852222
0.849444
0.845
0.852778
0.837778
0.862222
0.828889
0.85
0.883889
0.892222
0.847778
0.798889
0.884444
0.852222
0.831667
0.825
0.882778
0.847222
0.874444
0.892222
0.835556
0.875556
0.868889
0.865556
0.862778
0.841111
0.861667
0.872778
0.875
0.869444
0.883333
0.862222
0.826111
0.856667
0.885556
0.873889
0.870556
0.844444
0.872222
0.851111
0.825
0.773889
0.830556
0.830556
0.87
0.853889
0.832778
0.872778
0.855556
0.85
0.838333
0.884444
0.826667
0.871111
0.860556
0.796667
0.810556
0.862222
0.851111
0.863889
0.844444
0.871111
0.810556
0.865
0.872222
0.842222
0.841111
0.869444
0.864444
0.882222
0.818889
0.871111
0.821111
0.875556
0.826667
0.869444
0.828333
0.808889
0.832778
0.881111
0.815
0.840556
0.867778
0.882778
0.879444
0.867778
0.842778
0.860556
0.865556
0.841667
0.850556
0.805
0.883889
0.828333
0.847222
0.846111
0.829444
0.853333
0.846111
0.851111
0.861111
0.882778
0.882778
0.855556
0.868889
0.882778
0.846111
0.851667
0.881667
0.873333
0.861667
0.873333
0.869444
0.865
0.848889
0.830556
0.865
0.854444
0.84
0.857778
0.858889
0.883333
0.825556
0.820556
0.878889
0.813333
0.860556
0.865
0.822222
0.875556
0.817222
0.862778
0.838889
0.816667
0.864444
0.855556
0.856111
0.812778
0.870556
0.871111
0.792778
0.86
0.787778
0.703333
0.826667
0.813333
0.851111
0.870556
0.828333
0.862222
0.848333
0.850556
0.873889
0.855556
0.917222
0.86
0.831667
0.845556
0.856667
0.799444
0.84
0.863889
0.888333
0.862222
0.818889
0.876111
0.859444
0.819444
0.867778
0.812222
0.838889
0.843333
0.828333
0.906111
0.867778
0.809444
0.876111
0.871667
0.852222
0.877778
0.873889
0.886667
0.856667
0.868889
0.853889
0.842778
0.849444
0.876111
0.902222
0.808889
0.845556
0.865
0.820556
0.877778
0.856111
0.875556
0.821111
0.892778
0.863333
0.854444
0.884444
0.873889
0.879444
0.879444
0.823889
0.885
0.774444
0.873889
0.818889
0.851667
0.876111
0.842222
0.828889
0.857778
0.841667
0.815556
0.858889
0.803889
0.79
0.865556
0.843333
0.837778
0.887778
0.805556
0.876667
0.845
0.838333
0.871667
0.838333
0.857778
0.836667
0.89
0.859444
0.853333
0.849444
0.863889
0.889444
0.852222
0.886667
0.857222
0.812222
0.82
0.848889
0.855
0.898889
0.868333
0.873889
0.877222
0.845
0.834444
0.882222
0.83
0.840556
0.854444
0.851667
0.856111
0.814444
0.858333
0.848889
0.839444
0.870556
0.881111
0.871667
0.822778
0.833333
0.836111
0.856111
0.831111
0.840556
0.888333
0.855
0.886667
0.862778
0.858333
0.866667
0.877778
0.840556
0.852778
0.855556
0.855556
0.884444
0.864444
0.866111
0.866667
0.892778
0.842222
0.877222
0.828889
0.838889
0.850556
0.880556
0.821667
0.878889
0.835
0.847222
0.882222
0.837778
0.878333
0.811667
0.87
0.895556
0.896667
0.857778
0.840556
0.876667
0.842222
0.875556
0.876111
0.854444
0.837778
0.891667
0.860556
0.838333
0.837778
0.864444
0.864444
0.826111
0.848889
0.857778
0.853889
0.864444
0.860556
0.85
0.865
0.821111
0.833333
0.845
0.878333
0.841667
0.89
0.84
0.856111
0.823889
0.855
0.780556
0.862778
0.789444
0.788333
0.883333
0.832778
0.827222
0.808889
0.857222
0.865556
0.778889
0.837222
0.88
0.826667
0.851111
0.841667
0.862222
0.818333
0.851667
0.83
0.886667
0.822778
0.87
0.853333
0.855
0.840556
0.856111
0.856667
0.863333
0.822778
0.856111
0.726667
0.845
0.847222
0.87
0.765556
0.903889
0.877222
0.855
0.872222
0.848333
0.805
0.865
0.810556
0.819444
0.847222
0.857778
0.882222
0.79
0.82
0.863889
0.838333
0.856111
0.887222
0.814444
0.825556
0.876111
0.852778
0.802778
0.867778
0.863333
0.851667
0.866111
0.843889
0.795
0.813333
0.854444
0.874444
0.859444
0.877778
0.871667
0.86
0.863889
0.831667
0.868333
0.828889
0.860556
0.807222
0.840556
0.827222
0.871667
0.868333
0.847222
0.882778
0.872222
0.848889
0.828889
0.863889
0.824444
0.873333
0.861111
0.843333
0.797222
0.850556
0.825556
0.869444
0.863889
0.882778
0.817222
0.868889
0.85
0.853333
0.834444
0.817222
0.831111
0.882778
0.826111
0.858333
0.842778
0.857778
0.854444
0.890556
0.833333
0.863889
0.845556
0.857778
0.87
0.885556
0.878889
0.821111
0.803333
0.841111
0.888889
0.858333
0.876667
0.872778
0.852222
0.867778
0.871111
0.865
0.891111
0.872778
0.818889
0.813333
0.859444
0.867222
0.862222
0.879444
0.876111
0.859444
0.843889
0.838333
0.881667
0.840556
0.826667
0.870556
0.874444
0.875
0.853889
0.836667
0.87
0.873333
0.883889
0.862222
0.87
0.866667
0.830556
0.828333
0.868889
0.838889
0.852778
0.876667
0.852222
0.825556
0.830556
0.852222
0.845
0.886667
0.811667
0.851111
0.845
0.802778
0.858333
0.863333
0.873333
0.882778
0.824444
0.870556
0.865556
0.853333
0.861111
0.803333
0.851111
0.841111
0.859444
0.896667
0.818333
0.748889
0.815556
0.862222
0.802222
0.825556
0.858333
0.88
0.867778
0.885556
0.813333
0.848889
0.854444
0.833889
0.852222
0.847778
0.832222
0.884444
0.870556
0.853333
0.821111
0.859444
0.867222
0.881111
0.871111
0.874444
0.825556
0.871111
0.857222
0.811667
0.795
0.863333
0.85
0.893333
0.841111
0.877222
0.843333
0.818333
0.824444
0.898333
0.847778
0.876111
0.831667
0.852222
0.856667
0.871667
0.824444
0.841667
0.846111
0.833889
0.888333
0.836111
0.874444
0.832222
0.835556
0.871111
0.845556
0.857778
0.836667
0.868889
0.824444
0.835556
0.853889
0.848333
0.839444
0.821111
0.843889
0.901111
0.837778
0.845
0.845
0.835556
0.895
0.847778
0.859444
0.814444
0.831111
0.865
0.905
0.853333
0.896111
0.860556
0.871667
0.836111
0.795556
0.813333
0.865556
0.783889
0.877222
0.852222
0.826667
0.878333
0.841111
0.897222
0.837778
0.877222
0.870556
0.831667
0.840556
0.895556
0.876111
0.876111
0.876111
0.828889
0.874444
0.896111
0.865
0.875
0.84
0.877778
0.845556
0.848889
0.846667
0.842222
0.832222
0.794444
0.866111
0.832222
0.843333
0.885
0.872778
0.877778
0.846111
0.841111
0.860556
0.849444
0.822222
0.838889
0.826111
0.810556
0.864444
0.861111
0.814444
0.847778
0.868889
0.872222
0.876111
0.720556
0.771111
0.855
0.872222
0.851667
0.837222
0.851111
0.861667
0.820556
0.825556
0.874444
0.835
0.799444
0.880556
0.861111
0.859444
0.867778
0.873333
0.813889
0.856667
0.831111
0.811111
0.867778
0.851667
0.870556
0.902222
0.837222
0.85
0.817222
0.84
0.872222
0.85
0.797778
0.778333
0.85
0.817778
0.868333
0.842222
0.891111
0.845
0.871111
0.852778
0.879444
0.762222
0.885556
0.833333
0.862222
0.847222
0.852222
0.847222
0.803333
0.807778
0.822778
0.777222
0.871111
0.857222
0.861111
0.847778
0.762222
0.862222
0.862778
0.855
0.886111
0.886667
0.853889
0.825
0.835
0.825556
0.842778
0.879444
0.882222
0.888333
0.861667
0.856111
0.875
0.866667
0.843333
0.846111
0.853889
0.803889
0.841667
0.84
0.869444
0.859444
0.871667
0.861667
0.813889
0.862778
0.836111
0.865
0.886111
0.861667
0.817778
0.843333
0.816667
0.892778
0.890556
0.831111
0.881667
0.864444
0.823889
0.835556
0.890556
0.853889
0.807222
0.838889
0.865556
0.861111
0.806667
0.809444
0.873333
0.872222
0.782222
0.873333
0.862778
0.866111
0.883889
0.802222
0.793333
0.817778
0.891111
0.870556
0.870556
0.845
0.874444
0.864444
0.829444
0.847222
0.825
0.893889
0.847222
0.866111
0.852222
0.881667
0.760556
0.784444
0.891111
0.885556
0.860556
0.858333
0.891111
0.886667
0.849444
0.862778
0.872222
0.803889
0.875
0.832778
0.852778
0.842778
0.808889
0.812778
0.813333
0.806667
0.872222
0.854444
0.864444
0.861667
0.875
0.876111
0.857222
0.855
0.863889
0.878333
0.803889
0.836111
0.877778
0.876667
0.839444
0.836667
0.796667
0.887222
0.864444
0.82
0.874444
0.835
0.870556
0.881111
0.880556
0.898889
0.870556
0.861667
0.752778
0.696111
0.648333
0.77
0.821111
0.785556
0.841667
0.884444
0.855
0.853889
0.858333
0.837778
0.887222
0.876667
0.84
0.853889
0.825
0.856111
0.83
0.803333
0.788889
0.841667
0.872222
0.819444
0.892778
0.862222
0.867778
0.821667
0.874444
0.882778
0.880556
0.852222
0.882222
0.846667
0.841111
0.868889
0.865
0.888889
0.827778
0.871667
0.855
0.861111
0.868333
0.793889
0.807778
0.798889
0.85
0.822778
0.853889
0.843333
0.862778
0.875
0.852778
0.900556
0.887222
0.855556
0.827778
0.876667
0.827222
0.843889
0.842222
0.874444
0.843333
0.882222
0.841111
0.883333
0.846667
0.847222
0.830556
0.810556
0.863333
0.822222
0.883889
0.871667
0.851111
0.863333
0.853333
0.825
0.821667
0.886667
0.827222
0.86
0.851111
0.871667
0.882778
0.82
0.853889
0.868889
0.857778
0.868889
0.843889
0.876111
0.873889
0.877222
0.841111
0.857778
0.886111
0.836111
0.883333
0.800556
0.796667
0.851111
0.871667
0.847222
0.850556
0.84
0.858333
0.883889
0.866667
0.843333
0.852778
0.843889
0.849444
0.822778
0.859444
0.785
0.785556
0.835556
0.882778
0.807222
0.836667
0.845
0.816111
0.875556
0.85
0.881111
0.896667
0.892778
0.833333
0.861667
0.887222
0.837222
0.851111
0.813889
0.852222
0.872778
0.859444
0.771667
0.838889
0.848889
0.850556
0.882222
0.836667
0.856111
0.902222
0.822778
0.838333
0.866111
0.870556
0.884444
0.845556
0.805556
0.831111
0.862778
0.833333
0.848333
0.832222
0.845556
0.877778
0.791667
0.671667
0.772778
0.821111
0.790556
0.846111
0.866667
0.867222
0.841111
0.846111
0.881667
0.844444
0.845556
0.762778
0.858889
0.882222
0.851667
0.876111
0.912778
0.828889
0.841667
0.849444
0.895
0.879444
0.842778
0.886111
0.864444
0.858889
0.857778
0.876111
0.822778
0.859444
0.861667
0.815
0.864444
0.825556
0.863889
0.832222
0.875
0.875556
0.861111
0.855
0.871111
0.873889
0.886667
0.861111
0.875556
0.863889
0.894444
0.863889
0.864444
0.828333
0.879444
0.892778
0.831111
0.856667
0.842778
0.790556
0.817222
0.859444
0.870556
0.859444
0.841111
0.848333
0.863333
0.832778
0.858333
0.832778
0.88
0.838889
0.818889
0.841667
0.841111
0.872778
0.860556
0.835556
0.884444
0.813333
0.802222
0.863889
0.786667
0.876667
0.851111
0.852778
0.881111
0.876667
0.846111
0.812222
0.846111
0.832222
0.855556
0.874444
0.886111
0.886667
0.892222
0.846111
0.871111
0.827778
0.867222
0.892778
0.874444
0.862222
0.799444
0.863889
0.820556
0.873889
0.837778
0.786667
0.81
0.822222
0.808333
0.836111
0.844444
0.856111
0.83
0.886667
0.862222
0.850556
0.868333
0.861111
0.838889
0.871667
0.827778
0.855556
0.870556
0.864444
0.826111
0.870556
0.822778
0.854444
0.761667
0.814444
0.888333
0.808889
0.863889
0.838333
0.852778
0.867778
0.832778
0.868889
0.868333
0.894444
0.849444
0.839444
0.876667
0.813333
0.836111
0.862222
0.853333
0.88
0.869444
0.815
0.879444
0.85
0.854444
0.867222
0.866667
0.867778
0.875556
0.852778
0.865
0.860556
0.848333
0.858889
0.863889
0.875556
0.835556
0.86
0.861667
0.812778
0.895556
0.863333
0.876111
0.858889
0.847222
0.917778
0.816111
0.894444
0.844444
0.818889
0.85
0.852778
0.853333
0.808333
0.849444
0.842222
0.859444
0.887222
0.851111
0.846111
0.827778
0.86
0.79
0.872778
0.823333
0.819444
0.838333
0.822778
0.849444
0.871667
0.857778
0.842778
0.834444
0.845
0.863333
0.837222
0.832778
0.83
0.875
0.886667
0.826111
0.879444
0.831111
0.832222
0.869444
0.853889
0.872778
0.855
0.871111
0.866111
0.859444
0.846111
0.898889
0.872222
0.857222
0.835
0.833333
0.848889
0.876111
0.862222
0.862222
0.848333
0.894444
0.878889
0.891667
0.857778
0.834444
0.887778
0.881111
0.817222
0.871111
0.856111
0.878333
0.866111
0.838333
0.857222
0.847222
0.809444
0.862778
0.82
0.873333
0.864444
0.856111
0.877778
0.830556
0.835556
0.878333
0.866111
0.832778
0.845556
0.847778
0.881111
0.873333
0.888889
0.871667
0.832222
0.819444
0.863889
0.866667
0.851667
0.846667
0.855
0.881111
0.87
0.840556
0.827222
0.847778
0.791667
0.863889
0.843889
0.81
0.861667
0.852778
0.848889
0.852778
0.868333
0.885556
0.815
0.839444
0.845
0.837778
0.862222
0.783889
0.845556
0.849444
0.858889
0.853333
0.797222
0.790556
0.882222
0.845
0.862778
0.877222
0.868889
0.858333
0.846667
0.838889
0.876111
0.826111
0.882778
0.87
0.881667
0.802222
0.868889
0.862778
0.836667
0.853889
0.836111
0.861667
0.861667
0.857222
0.845556
0.840556
0.830556
0.888889
0.863889
0.82
0.847778
0.856111
0.861667
0.838889
0.863889
0.795556
0.860556
0.865
0.87
0.864444
0.806667
0.855556
0.87
0.891667
0.851667
0.807222
0.843889
0.827222
0.785556
0.76
0.855556
0.887778
0.848889
0.829444
0.838333
0.847778
0.872222
0.852778
0.878333
0.873333
0.826111
0.877222
0.822778
0.866667
0.846111
0.836111
0.866667
0.886111
0.842222
0.860556
0.836111
0.821111
0.887778
0.858333
0.871111
0.842778
0.818333
0.846667
0.842222
0.753889
0.863889
0.877778
0.837222
0.863333
0.862778
0.868333
0.824444
0.841111
0.847222
0.886111
0.829444
0.797222
0.837778
0.815
0.822222
0.87
0.788333
0.858889
0.822778
0.884444
0.824444
0.852778
0.862778
0.872778
0.877222
0.886667
0.818333
0.833333
0.861111
0.863889
0.801111
0.842222
0.849444
0.849444
0.860556
0.848333
0.880556
0.815
0.859444
0.875
0.841111
0.796667
0.839444
0.894444
0.854444
0.861111
0.87
0.853333
0.831667
0.856667
0.811667
0.799444
0.881111
0.871667
0.84
0.867778
0.845556
0.842222
0.881667
0.78
0.861111
0.883889
0.857778
0.857222
0.854444
0.864444
0.839444
0.833889
0.871111
0.891111
0.853889
0.843333
0.846667
0.848889
0.858889
0.875556
0.84
0.865
0.859444
0.874444
0.876667
0.854444
0.849444
0.835556
0.733889
0.868889
0.877778
0.865
0.823333
0.857222
0.83
0.785556
0.835556
0.871111
0.848333
0.840556
0.850556
0.869444
0.822778
0.807778
0.858333
0.878889
0.878333
0.835
0.881667
0.871111
0.837778
0.874444
0.856111
0.838889
0.854444
0.858889
0.86
0.841111
0.866667
0.841111
0.846111
0.837778
0.863889
0.768333
0.826111
0.911667
0.841667
0.840556
0.867778
0.847222
0.825556
0.876111
0.832222
0.863889
0.829444
0.807222
0.835
0.891667
0.89
0.876667
0.85
0.879444
0.86
0.861667
0.754444
0.836667
0.856111
0.835556
0.838333
0.856111
0.862222
0.812222
0.872778
0.804444
0.845556
0.848889
0.873333
0.883889
0.865556
0.851667
0.833333
0.817778
0.850556
0.856111
0.85
0.837222
0.883889
0.900556
0.883889
0.841667
0.868889
0.846111
0.85
0.871111
0.865
0.858333
0.849444
0.845556
0.822778
0.855
0.847222
0.850556
0.892778
0.787778
0.875
0.838889
0.849444
0.838889
0.871667
0.822778
0.803333
0.78
0.835556
0.878333
0.822778
0.811667
0.8
0.84
0.851667
0.758333
0.822222
0.858333
0.825556
0.831111
0.874444
0.887778
0.853889
0.847778
0.848333
0.907778
0.820556
0.892222
0.87
0.866111
0.881111
0.884444
0.878333
0.886667
0.808333
0.858889
0.865556
0.83
0.878889
0.867222
0.865
0.875
0.882778
0.913333
0.885
0.837778
0.882778
0.885556
0.851667
0.840556
0.858889
0.863889
0.841111
0.834444
0.871111
0.857778
0.887222
0.846111
0.8
0.875
0.860556
0.888333
0.871667
0.807778
0.846111
0.830556
0.846667
0.862222
0.842778
0.828333
0.885556
0.865556
0.855
0.827778
0.852222
0.853889
0.803333
0.821111
0.834444
0.879444
0.875556
0.861111
0.846111
0.876667
0.835556
0.866667
0.86
0.890556
0.871667
0.796111
0.856667
0.884444
0.834444
0.822778
0.84
0.866111
0.847778
0.837778
0.860556
0.87
0.865556
0.816667
0.902222
0.860556
0.866111
0.838889
0.858333
0.813889
0.858333
0.852778
0.856111
0.841667
0.812222
0.826667
0.812778
0.798889
0.828333
0.804444
0.875556
0.890556
0.856111
0.876667
0.846111
0.858889
0.784444
0.778889
0.875
0.871667
0.809444
0.87
0.84
0.843889
0.893889
0.836667
0.832778
0.866667
0.85
0.875556
0.892222
0.82
0.865
0.839444
0.845
0.866667
0.855556
0.871667
0.894444
0.835
0.867778
0.842778
0.840556
0.897778
0.867778
0.875
0.859444
0.820556
0.856111
0.846667
0.817222
0.853333
0.886667
0.802778
0.851667
0.88
0.88
0.858333
0.883333
0.859444
0.845
0.862222
0.88
0.878889
0.861111
0.805556
0.847778
0.89
0.841667
0.862222
0.799444
0.866111
0.845556
0.848889
0.892222
0.861111
0.881667
0.863889
0.682778
0.842778
0.831667
0.857222
0.845556
0.859444
0.87
0.862778
0.886111
0.853889
0.861667
0.818889
0.813333
0.867222
0.831667
0.872778
0.864444
0.866667
0.851111
0.832778
0.862222
0.851111
0.828333
0.85
0.858333
0.884444
0.88
0.809444
0.840556
0.830556
0.876667
0.86
0.844444
0.828889
0.873889
0.872778
0.875556
0.856667
0.886667
0.89
0.86
0.880556
0.847778
0.817222
0.833889
0.865556
0.842222
0.857778
0.819444
0.821111
0.834444
0.865
0.827222
0.888889
0.845556
0.840556
0.859444
0.852222
0.890556
0.845
0.854444
0.853889
0.866667
0.836667
0.806667
0.859444
0.809444
0.862222
0.802222
0.823889
0.84
0.767778
0.855556
0.870556
0.827222
0.821111
0.827778
0.876667
0.875
0.86
0.867778
0.863889
0.826111
0.861111
0.87
0.868889
0.851667
0.794444
0.786111
0.862778
0.842778
0.885556
0.878889
0.906667
0.829444
0.911667
0.866667
0.881667
0.797222
0.826667
0.825556
0.801667
0.873889
0.860556
0.851111
0.858333
0.87
0.882778
0.896111
0.845
0.841667
0.848889
0.890556
0.865556
0.831667
0.873333
0.818333
0.851111
0.893889
0.826111
0.862778
0.86
0.877778
0.883889
0.827778
0.833333
0.814444
0.866111
0.835556
0.842222
0.864444
0.82
0.891667
0.877222
0.81
0.840556
0.807778
0.881667
0.823333
0.866667
0.857222
0.824444
0.846667
0.853333
0.84
0.848889
0.806667
0.811667
0.856667
0.865556
0.850556
0.838889
0.825556
0.873333
0.854444
0.868889
0.900556
0.875556
0.842222
0.845
0.887778
0.882222
0.869444
0.827222
0.85
0.833889
0.851111
0.806667
0.850556
0.873889
0.86
0.77
0.875556
0.852778
0.865
0.828889
0.848333
0.825556
0.841111
0.832222
0.828333
0.86
0.814444
0.858889
0.823333
0.867778
0.848889
0.846111
0.875
0.818889
0.848333
0.855556
0.854444
0.880556
0.845
0.853889
0.841667
0.864444
0.845
0.82
0.901667
0.849444
0.818889
0.849444
0.877222
0.891111
0.862222
0.882222
0.812778
0.811667
0.862778
0.843889
0.845
0.876111
0.801111
0.828889
0.843889
0.838333
0.815556
0.873889
0.834444
0.898889
0.807222
0.833333
0.863333
0.819444
0.814444
0.853889
0.820556
0.762778
0.745
0.845556
0.832778
0.88
0.815
0.852222
0.865556
0.859444
0.837222
0.877222
0.89
0.845
0.861111
0.868889
0.807222
0.884444
0.852778
0.847778
0.809444
0.807222
0.781667
0.832222
0.852222
0.805
0.882222
0.858333
0.84
0.852222
0.870556
0.870556
0.856667
0.816667
0.831667
0.828889
0.875
0.87
0.828333
0.892778
0.863333
0.816667
0.836667
0.866111
0.903333
0.870556
0.823889
0.851111
0.811111
0.837778
0.851667
0.844444
0.875
0.800556
0.801667
0.819444
0.895556
0.871111
0.857222
0.886667
0.882778
0.903333
0.865
0.844444
0.859444
0.881111
0.846111
0.863333
0.85
0.858333
0.883333
0.876111
0.858333
0.801111
0.782778
0.759444
0.866111
0.864444
0.882778
0.895556
0.875556
0.821111
0.874444
0.840556
0.844444
0.883889
0.859444
0.856667
0.843889
0.872222
0.852222
0.831667
0.858889
0.890556
0.87
0.853889
0.843889
0.852222
0.815556
0.870556
0.82
0.906667
0.855556
0.854444
0.857222
0.868333
0.861111
0.882778
0.855556
0.866667
0.865556
0.845
0.870556
0.836111
0.833889
0.830556
0.792222
0.857222
0.803889
0.819444
0.867778
0.862222
0.837778
0.797778
0.88
0.903333
0.886111
0.876667
0.855
0.875556
0.872778
0.853889
0.893889
0.826667
0.85
0.847222
0.872222
0.846111
0.866111
0.886667
0.871111
0.896667
0.860556
0.788889
0.738333
0.821667
0.874444
0.855556
0.810556
0.883889
0.882778
0.888889
0.868889
0.862222
0.89
0.826111
0.872778
0.87
0.848333
0.864444
0.832778
0.827778
0.88
0.835556
0.868333
0.869444
0.848889
0.853889
0.876111
0.862222
0.877222
0.822778
0.821111
0.899444
0.872778
0.850556
0.862778
0.901667
0.868889
0.833333
0.844444
0.822778
0.848889
0.853333
0.85
0.84
0.856111
0.878889
0.861111
0.871111
0.873333
0.828333
0.825
0.876667
0.852222
0.823333
0.887778
0.858889
0.866667
0.869444
0.828333
0.822778
0.839444
0.863889
0.855
0.862778
0.863333
0.845
0.826111
0.839444
0.883333
0.863333
0.87
0.861667
0.853889
0.833889
0.862222
0.842222
0.834444
0.86
0.852222
0.841667
0.81
0.79
0.869444
0.823889
0.851111
0.852778
0.801667
0.843333
0.841111
0.862778
0.877778
0.835556
0.859444
0.860556
0.86
0.873889
0.842778
0.848333
0.855
0.876111
0.860556
0.832222
0.828889
0.829444
0.83
0.873889
0.827222
0.868889
0.848889
0.832222
0.842222
0.873889
0.826667
0.850556
0.883889
0.826111
0.827778
0.877222
0.857222
0.869444
0.866667
0.803333
0.825556
0.862778
0.856111
0.871667
0.888889
0.856667
0.827222
0.868333
0.862222
0.860556
0.868889
0.875556
0.872222
0.809444
0.803889
0.878889
0.881111
0.863333
0.814444
0.842222
0.84
0.803889
0.830556
0.833333
0.839444
0.880556
0.858889
0.876667
0.883333
0.872778
0.879444
0.837778
0.871111
0.881111
0.831667
0.916667
0.862222
0.841111
0.809444
0.884444
0.873333
0.848889
0.863889
0.811111
0.846111
0.867222
0.880556
0.86
0.813889
0.853889
0.889444
0.846667
0.858333
0.883333
0.882778
0.861667
0.821667
0.866111
0.863889
0.833333
0.851667
0.891667
0.882222
0.876111
0.795
0.831111
0.845556
0.869444
0.867222
0.867778
0.833889
0.873333
0.812222
0.874444
0.878889
0.822222
0.865556
0.89
0.877778
0.845
0.872778
0.897222
0.875
0.866667
0.852222
0.86
0.865556
0.855556
0.875556
0.858333
0.857222
0.83
0.856667
0.832778
0.821111
0.847778
0.891667
0.870556
0.856111
0.877778
0.858889
0.875556
0.844444
0.866111
0.755556
0.77
0.842222
0.848889
0.792222
0.843889
0.884444
0.848333
0.838889
0.871111
0.834444
0.852778
0.873333
0.855
0.857778
0.842222
0.862778
0.89
0.798889
0.852222
0.865
0.841111
0.874444
0.863333
0.847778
0.870556
0.849444
0.783889
0.872222
0.87
0.871667
0.85
0.792222
0.856111
0.837222
0.813333
0.865
0.833333
0.861667
0.833333
0.815556
0.865
0.903889
0.866111
0.861111
0.836667
0.876667
0.833889
0.866111
0.863333
0.812222
0.853889
0.873333
0.898333
0.884444
0.878889
0.867222
0.856111
0.850556
0.884444
0.850556
0.837222
0.863889
0.827778
0.830556
0.814444
0.865556
0.857222
0.807778
0.820556
0.872778
0.888333
0.858333
0.860556
0.677222
0.756667
0.861111
0.871667
0.871111
0.846111
0.9
0.86
0.863333
0.845556
0.864444
0.835
0.890556
0.817222
0.874444
0.861667
0.841111
0.813889
0.862222
0.842778
0.815556
0.818333
0.788333
0.791111
0.883333
0.838333
0.850556
0.851667
0.870556
0.864444
0.872222
0.877222
0.854444
0.770556
0.785556
0.876111
0.840556
0.887778
0.833333
0.855556
0.847778
0.884444
0.859444
0.879444
0.890556
0.882222
0.892222
0.872222
0.851111
0.865
0.840556
0.811667
0.87
0.852778
0.851667
0.813889
0.871667
0.853889
0.808333
0.843333
0.825556
0.880556
0.860556
0.876667
0.896111
0.835
0.862222
0.84
0.846667
0.870556
0.828333
0.837222
0.861111
0.865556
0.862778
0.865
0.843333
0.871667
0.861111
0.835
0.891667
0.879444
0.885
0.892778
0.862222
0.837222
0.855
0.868333
0.858889
0.865
0.838333
0.854444
0.834444
0.852778
0.835
0.841667
0.844444
0.87
0.817222
0.857222
0.895556
0.845556
0.856111
0.852778
0.833889
0.896111
0.836111
0.818333
0.885556
0.836111
0.855
0.818889
0.766111
0.835556
0.877778
0.873889
0.796667
0.855
0.883889
0.878889
0.88
0.837778
0.871111
0.844444
0.884444
0.852778
0.836111
0.874444
0.850556
0.875556
0.855
0.858333
0.861667
0.852778
0.831111
0.836667
0.811111
0.833889
0.841111
0.892222
0.819444
0.842222
0.855556
0.865
0.854444
0.827778
0.815556
0.9
0.866667
0.830556
0.809444
0.845
0.874444
0.891111
0.798333
0.881667
0.878333
0.861111
0.854444
0.881111
0.844444
0.868333
0.876667
0.816111
0.796111
0.877778
0.882778
0.856667
0.829444
0.833889
0.826667
0.831667
0.842222
0.865
0.859444
0.855556
0.837222
0.853333
0.881667
0.880556
0.789444
0.869444
0.866111
0.837778
0.86
0.850556
0.84
0.791667
0.817778
0.871667
0.858333
0.836111
0.862778
0.872778
0.825556
0.847222
0.845556
0.867778
0.883889
0.875556
0.858889
0.847778
0.878889
0.873889
0.869444
0.863889
0.863889
0.836667
0.866111
0.892778
0.822778
0.835
0.871667
0.851111
0.837778
0.893333
0.849444
0.842778
0.839444
0.84
0.852778
0.832222
0.877222
0.866667
0.826111
0.870556
0.892778
0.888333
0.85
0.901111
0.898333
0.867222
0.878889
0.835
0.855556
0.863333
0.826667
0.888333
0.862778
0.847222
0.830556
0.859444
0.822778
0.894444
0.847222
0.863333
0.851111
0.839444
0.855
0.88
0.833889
0.842222
0.872222
0.856667
0.876667
0.843333
0.856111
0.89
0.871667
0.823333
0.807778
0.821667
0.887778
0.863333
0.853333
0.856111
0.875
0.871667
0.895
0.811667
0.859444
0.862778
0.87
0.892222
0.873333
0.767222
0.840556
0.846667
0.871111
0.856667
0.851667
0.867778
0.887222
0.86
0.832222
0.850556
0.893333
0.850556
0.887222
0.812778
0.891111
0.874444
0.857222
0.864444
0.827778
0.792778
0.821111
0.792222
0.842222
0.868333
0.844444
0.816111
0.887778
0.89
0.869444
0.855
0.851667
0.845
0.875556
0.843889
0.795556
0.836111
0.828333
0.878889
0.848889
0.851111
0.875556
0.845
0.879444
0.845
0.862222
0.857222
0.89
0.829444
0.838889
0.831667
0.783889
0.852778
0.879444
0.859444
0.786111
0.784444
0.835556
0.84
0.857222
0.861111
0.854444
0.877222
0.854444
0.866667
0.881111
0.846667
0.865
0.831667
0.875556
0.843333
0.831111
0.870556
0.818889
0.833889
0.845
0.892778
0.889444
0.845
0.838889
0.815556
0.859444
0.808333
0.833333
0.818889
0.819444
0.833333
0.83
0.855
0.867778
0.884444
0.847778
0.855556
0.856111
0.874444
0.863889
0.830556
0.861111
0.796111
0.815556
0.817222
0.859444
0.788889
0.866667
0.766111
0.838333
0.832778
0.874444
0.820556
0.838889
0.862222
0.878333
0.829444
0.865
0.835556
0.879444
0.896111
0.846667
0.813889
0.889444
0.86
0.828333
0.829444
0.832222
0.841667
0.882222
0.813889
0.866667
0.877222
0.876667
0.838889
0.880556
0.848889
0.828333
0.835
0.840556
0.869444
0.836667
0.88
0.839444
0.847778
0.901111
0.835556
0.852778
0.854444
0.862778
0.876111
0.888333
0.81
0.881111
0.880556
0.845
0.86
0.867778
0.805556
0.87
0.858889
0.854444
0.847778
0.823889
0.855
0.842222
0.888889
0.827778
0.871111
0.827778
0.863889
0.857778
0.813333
0.86
0.835556
0.805556
0.797222
0.879444
0.882222
0.857222
0.893333
0.879444
0.866111
0.886667
0.850556
0.893333
0.855
0.814444
0.857778
0.887222
0.866111
0.816111
0.886667
0.808889
0.867222
0.878889
0.849444
0.860556
0.874444
0.843333
0.852222
0.836111
0.838889
0.843333
0.79
0.867222
0.865
0.839444
0.859444
0.856667
0.799444
0.867222
0.883333
0.843889
0.847778
0.870556
0.845556
0.851111
0.835
0.832222
0.905
0.819444
0.871667
0.872778
0.851111
0.863889
0.862778
0.833889
0.866667
0.868889
0.845
0.850556
0.873889
0.856667
0.861667
0.670556
0.794444
0.856111
0.821111
0.862778
0.867222
0.845556
0.828333
0.862778
0.874444
0.878889
0.834444
0.822222
0.893333
0.852778
0.852778
0.841667
0.898333
0.873333
0.855
0.840556
0.868333
0.855556
0.826667
0.849444
0.825556
0.828333
0.851667
0.855556
0.867778
0.822778
0.883333
0.864444
0.852222
0.886667
0.843889
0.832778
0.881111
0.853889
0.841111
0.867222
0.842222
0.848889
0.873889
0.857778
0.844444
0.863333
0.866111
0.890556
0.865
0.849444
0.826111
0.893333
0.884444
0.880556
0.868333
0.782778
0.835
0.832222
0.865
0.887222
0.881111
0.827778
0.846111
0.863333
0.868333
0.856111
0.877778
0.866667
0.877222
0.852222
0.852778
0.793889
0.823333
0.845556
0.827222
0.847778
0.856667
0.863889
0.811667
0.863333
0.873333
0.836667
0.869444
0.831111
0.856111
0.823333
0.835556
0.864444
0.840556
0.859444
0.908889
0.853889
0.869444
0.854444
0.84
0.875556
0.795556
0.793333
0.859444
0.855
0.815
0.896111
0.856111
0.839444
0.888889
0.755
0.818889
0.776667
0.818889
0.876111
0.882222
0.798333
0.869444
0.868889
0.861667
0.795556
0.888333
0.863333
0.870556
0.899444
0.873889
0.857222
0.853889
0.905
0.838333
0.824444
0.845
0.88
0.855
0.812778
0.797222
0.858889
0.888889
0.834444
0.849444
0.840556
0.837778
0.823333
0.826667
0.857778
0.849444
0.881111
0.827222
0.816667
0.865
0.828889
0.840556
0.869444
0.870556
0.843333
0.87
0.847222
0.867778
0.831111
0.840556
0.875
0.883333
0.886667
0.838333
0.888889
0.848889
0.831111
0.846111
0.862222
0.815
0.868889
0.854444
0.886667
0.889444
0.866111
0.865
0.851111
0.879444
0.895
0.855556
0.845556
0.863333
0.868889
0.833889
0.838333
0.798889
0.856111
0.782778
0.758333
0.816667
0.835556
0.855556
0.865556
0.863333
0.892222
0.849444
0.826111
0.834444
0.829444
0.811111
0.904444
0.868333
0.862778
0.87
0.847778
0.882778
0.872778
0.887778
0.778889
0.894444
0.855556
0.882778
0.835556
0.83
0.861111
0.856667
0.901667
0.825
0.812778
0.885
0.837778
0.827778
0.854444
0.832222
0.808333
0.83
0.867778
0.813333
0.846667
0.857222
0.855556
0.821667
0.815556
0.837222
0.831667
0.847778
0.850556
0.831111
0.844444
0.722222
0.848333
0.863889
0.813333
0.786111
0.9
0.787222
0.847222
0.765556
0.859444
0.882222
0.873333
0.878889
0.876667
0.867222
0.824444
0.859444
0.856667
0.88
0.821667
0.802222
0.823333
0.884444
0.878333
0.883889
0.851111
0.758333
0.809444
0.839444
0.842222
0.862222
0.847222
0.902222
0.836667
0.876111
0.835
0.871111
0.855556
0.863889
0.837222
0.885556
0.853889
0.844444
0.860556
0.851111
0.859444
0.865
0.863889
0.870556
0.862778
0.85
0.860556
0.835
0.844444
0.821667
0.878333
0.876111
0.887778
0.853333
0.841667
0.861667
0.863333
0.853889
0.814444
0.869444
0.838333
0.864444
0.858333
0.877778
0.857222
0.866111
0.855
0.82
0.801111
0.873889
0.821667
0.853889
0.813333
0.850556
0.829444
0.883333
0.801667
0.86
0.871111
0.837778
0.851111
0.776667
0.823333
0.844444
0.85
0.813333
0.875
0.863889
0.830556
0.857778
0.832222
0.857778
0.842222
0.84
0.828889
0.869444
0.841111
0.877222
0.767222
0.819444
0.873333
0.86
0.850556
0.867222
0.888333
0.847222
0.891111
0.851111
0.898333
0.853333
0.868333
0.851111
0.855556
0.810556
0.845556
0.824444
0.885
0.865556
0.874444
0.854444
0.811111
0.842222
0.876111
0.864444
0.862222
0.886111
0.846111
0.863333
0.842778
0.897778
0.867778
0.849444
0.796667
0.838333
0.790556
0.89
0.755556
0.875
0.850556
0.874444
0.880556
0.889444
0.903333
0.895556
0.865556
0.864444
0.825
0.876111
0.846667
0.846111
0.846111
0.877778
0.852222
0.891667
0.904444
0.856111
0.875
0.876667
0.874444
0.863889
0.851111
0.848889
0.868889
0.857778
0.878889
0.85
0.851111
0.812778
0.88
0.893889
0.883889
0.867222
0.854444
0.821667
0.870556
0.850556
0.833333
0.866111
0.853889
0.877778
0.826111
0.876667
0.824444
0.856111
0.816111
0.878333
0.85
0.816667
0.876111
0.873889
0.821111
0.87
0.876667
0.897222
0.846111
0.848889
0.893333
0.848333
0.863889
0.867778
0.882778
0.819444
0.871111
0.825
0.800556
0.861667
0.842778
0.813333
0.882222
0.854444
0.821667
0.840556
0.865
0.831111
0.834444
0.770556
0.846667
0.891667
0.831111
0.827222
0.843889
0.872778
0.861111
0.887222
0.847778
0.824444
0.849444
0.823889
0.841111
0.882222
0.832778
0.83
0.842778
0.832222
0.88
0.88
0.895556
0.84
0.849444
0.852222
0.802778
0.865
0.818333
0.871111
0.856667
0.817778
0.817222
0.857778
0.843889
0.853889
0.846111
0.885556
0.876111
0.862222
0.901667
0.835
0.856667
0.818889
0.825
0.866667
0.85
0.863333
0.896667
0.851667
0.876667
0.85
0.838889
0.868889
0.871667
0.832222
0.84
0.842222
0.883889
0.833889
0.813333
0.876111
0.838333
0.868333
0.846667
0.832778
0.836111
0.876667
0.845556
0.887778
0.851111
0.863889
0.842778
0.844444
0.86
0.843333
0.765556
0.791111
0.873889
0.857222
0.842778
0.823889
0.85
0.857778
0.857778
0.876667
0.854444
0.837222
0.830556
0.86
0.83
0.799444
0.855
0.831667
0.861667
0.842222
0.803333
0.798889
0.834444
0.852778
0.824444
0.869444
0.846667
0.843889
0.863333
0.818333
0.851667
0.81
0.878333
0.879444
0.852222
0.856111
0.866111
0.825556
0.852222
0.809444
0.838889
0.852222
0.905556
0.865556
0.862222
0.886667
0.815
0.842778
0.857222
0.871111
0.849444
0.795
0.870556
0.888889
0.818333
0.873889
0.873333
0.856667
0.882778
0.886667
0.816667
0.872778
0.821667
0.816111
0.888333
0.837778
0.843889
0.846667
0.86
0.861111
0.812222
0.891667
0.865
0.803889
0.79
0.840556
0.806667
0.850556
0.867778
0.85
0.855
0.893333
0.807222
0.883333
0.830556
0.872222
0.880556
0.825
0.852222
0.835556
0.872778
0.879444
0.882222
0.857778
0.857778
0.850556
0.858889
0.842778
0.863333
0.849444
0.866111
0.856111
0.851111
0.874444
0.819444
0.845556
0.832778
0.853889
0.878333
0.856667
0.840556
0.871667
0.846111
0.86
0.857222
0.872222
0.845
0.845556
0.855556
0.902222
0.836667
0.870556
0.87
0.889444
0.832778
0.9
0.84
0.861667
0.775
0.868333
0.871111
0.83
0.790556
0.887222
0.816111
0.845556
0.893889
0.875556
0.83
0.865
0.883889
0.837778
0.86
0.861111
0.809444
0.873333
0.853889
0.833333
0.875556
0.811667
0.881667
0.865556
0.852222
0.813333
0.860556
0.873889
0.836667
0.834444
0.852222
0.83
0.845
0.858333
0.865
0.866667
0.847778
0.847222
0.842778
0.853889
0.847222
0.822222
0.856667
0.835
0.901667
0.84
0.857778
0.870556
0.883889
0.862222
0.891667
0.852778
0.829444
0.811111
0.852778
0.848889
0.808333
0.841111
0.866667
0.831111
0.861667
0.812778
0.843333
0.892222
0.816111
0.87
0.824444
0.817222
0.838889
0.840556
0.886111
0.861111
0.852778
0.877222
0.897222
0.852222
0.855556
0.851111
0.846111
0.858889
0.872222
0.883889
0.867222
0.85
0.898333
0.867778
0.840556
0.766667
0.871111
0.846667
0.856667
0.840556
0.854444
0.864444
0.895556
0.845
0.880556
0.867222
0.767222
0.847222
0.83
0.896667
0.892778
0.831667
0.833889
0.866667
0.861111
0.838889
0.833889
0.806667
0.865
0.858889
0.857778
0.858333
0.836111
0.828889
0.836667
0.862222
0.825556
0.879444
0.832778
0.852778
0.858889
0.772778
0.838889
0.878889
0.885556
0.864444
0.848889
0.862778
0.803889
0.856667
0.846667
0.771667
0.804444
0.833333
0.876111
0.902222
0.872778
0.826111
0.853889
0.831111
0.797222
0.874444
0.86
0.828333
0.851667
0.854444
0.842222
0.830556
0.852222
0.861667
0.842778
0.833889
0.891111
0.888889
0.858889
0.827222
0.821667
0.885
0.860556
0.844444
0.868333
0.862222
0.856111
0.801667
0.852778
0.850556
0.854444
0.851667
0.867778
0.843333
0.787778
0.853889
0.863333
0.876111
0.905556
0.878889
0.841667
0.87
0.854444
0.864444
0.784444
0.853889
0.834444
0.871111
0.867222
0.846111
0.907778
0.877778
0.826667
0.881667
0.891111
0.856667
0.876667
0.822222
0.815556
0.842222
0.871111
0.873889
0.9
0.810556
0.883333
0.840556
0.842778
0.86
0.885
0.892222
0.852222
0.832778
0.796667
0.858333
0.881111
0.835
0.838889
0.775
0.855556
0.823889
0.841111
0.881667
0.865556
0.871667
0.822222
0.884444
0.857222
0.854444
0.84
0.881667
0.851111
0.822222
0.860556
0.832778
0.861111
0.845556
0.849444
0.861111
0.818889
0.882778
0.888333
0.875
0.791111
0.852222
0.846667
0.835556
0.871111
0.867222
0.872222
0.829444
0.825556
0.858889
0.838889
0.875
0.888333
0.845556
0.86
0.867778
0.851667
0.826667
0.825556
0.838333
0.866111
0.856667
0.87
0.867778
0.846111
0.857778
0.791111
0.778889
0.876111
0.865556
0.897222
0.883889
0.875556
0.875
0.860556
0.836667
0.865
0.886111
0.872222
0.870556
0.837778
0.84
0.873889
0.890556
0.856667
0.88
0.793889
0.871111
0.822778
0.843889
0.834444
0.860556
0.811111
0.856111
0.853889
0.848889
0.844444
0.865556
0.868889
0.880556
0.857778
0.867222
0.841111
0.876667
0.840556
0.855
0.865
0.838333
0.849444
0.858333
0.848333
0.863889
0.877222
0.806667
0.864444
0.843333
0.835
0.828333
0.837222
0.842778
0.829444
0.881667
0.842222
0.815556
0.835556
0.793889
0.84
0.872778
0.895
0.845
0.838333
0.803333
0.825
0.796667
0.874444
0.828333
0.841111
0.860556
0.851111
0.841111
0.81
0.820556
0.846111
0.825556
0.787778
0.831667
0.854444
0.888333
0.86
0.851667
0.851111
0.865
0.895556
0.855556
0.846111
0.850556
0.858889
0.868889
0.820556
0.873333
0.831667
0.854444
0.822778
0.885
0.82
0.858333
0.888333
0.871111
0.815556
0.838889
0.915
0.862778
0.846111
0.856667
0.850556
0.882778
0.831111
0.883333
0.866111
0.873889
0.905
0.835556
0.815
0.847222
0.893333
0.844444
0.844444
0.834444
0.852222
0.766667
0.828333
0.863889
0.849444
0.896111
0.877222
0.840556
0.842222
0.865556
0.878333
0.843333
0.89
0.837778
0.844444
0.852778
0.809444
0.819444
0.884444
0.864444
0.863333
0.815
0.796667
0.844444
0.87
0.831111
0.859444
0.829444
0.855556
0.857778
0.877222
0.861667
0.821111
0.796667
0.868889
0.825
0.876111
0.863889
0.848889
0.833889
0.857778
0.856111
0.856667
0.782778
0.844444
0.811111
0.830556
0.813889
0.817778
0.882222
0.855556
0.85
0.861667
0.830556
0.868333
0.843889
0.818889
0.833333
0.844444
0.841111
0.83
0.815
0.896111
0.828333
0.890556
0.877222
0.847778
0.865556
0.863333
0.886111
0.858889
0.811667
0.808333
0.846111
0.815
0.844444
0.845
0.818333
0.84
0.881111
0.836667
0.867778
0.84
0.880556
0.892222
0.881111
0.831111
0.846667
0.815556
0.836667
0.887222
0.848889
0.881667
0.879444
0.810556
0.876111
0.852778
0.81
0.831111
0.841111
0.872778
0.848333
0.841111
0.762778
0.838333
0.806111
0.839444
0.867778
0.868889
0.879444
0.849444
0.858889
0.876667
0.874444
0.856667
0.854444
0.878889
0.865556
0.809444
0.852222
0.839444
0.877222
0.861111
0.82
0.893889
0.85
0.863333
0.816111
0.816111
0.861667
0.842222
0.893333
0.829444
0.892222
0.845556
0.846667
0.85
0.801667
0.803889
0.879444
0.801667
0.834444
0.885
0.872222
0.887778
0.866667
0.839444
0.865
0.878889
0.863889
0.831667
0.893333
0.881667
0.89
0.813889
0.858333
0.851667
0.842778
0.834444
0.830556
0.876111
0.878889
0.861667
0.872222
0.821667
0.744444
0.885556
0.839444
0.849444
0.87
0.871111
0.891667
0.848889
0.847222
0.79
0.880556
0.844444
0.857778
0.8
0.804444
0.877222
0.847778
0.885
0.88
0.874444
0.872778
0.872222
0.858333
0.841111
0.848333
0.815
0.856111
0.817778
0.863889
0.903333
0.84
0.836111
0.808889
0.815
0.850556
0.876111
0.876667
0.855556
0.848333
0.827778
0.836667
0.748889
0.873333
0.843889
0.850556
0.81
0.873333
0.830556
0.820556
0.875556
0.828889
0.862778
0.844444
0.811111
0.832778
0.816111
0.892222
0.866111
0.859444
0.854444
0.859444
0.866111
0.841667
0.840556
0.826111
0.874444
0.841667
0.831667
0.845556
0.888889
0.860556
0.797222
0.801111
0.835
0.870556
0.852778
0.77
0.803333
0.858889
0.833333
0.861667
0.834444
0.860556
0.826111
0.835556
0.867778
0.812222
0.859444
0.853889
0.832778
0.851111
0.856667
0.845556
0.869444
0.866111
0.881667
0.869444
0.822222
0.842778
0.817222
0.845556
0.807222
0.869444
0.800556
0.861111
0.87
0.816667
0.839444
0.886111
0.833889
0.834444
0.824444
0.882778
0.878889
0.878333
0.798333
0.820556
0.851111
0.829444
0.82
0.863333
0.848333
0.892222
0.839444
0.83
0.850556
0.878333
0.878889
0.850556
0.823889
0.863333
0.882222
0.868889
0.86
0.865556
0.830556
0.874444
0.860556
0.856111
0.849444
0.874444
0.837222
0.811667
0.823889
0.865556
0.867778
0.838333
0.858889
0.88
0.804444
0.875
0.830556
0.818333
0.819444
0.867222
0.898889
0.879444
0.874444
0.839444
0.808333
0.836111
0.832222
0.860556
0.853333
0.827778
0.862778
0.842778
0.825
0.817222
0.821111
0.865
0.875556
0.831111
0.796667
0.829444
0.866111
0.874444
0.865
0.885
0.88
0.847222
0.874444
0.886111
0.873333
0.837222
0.845556
0.882778
0.826667
0.849444
0.893333
0.837778
0.857778
0.846667
0.893889
0.880556
0.841667
0.878889
0.861111
0.846111
0.852778
0.909444
0.864444
0.861111
0.873333
0.897778
0.834444
0.879444
0.842222
0.873333
0.848333
0.838889
0.818333
0.852222
0.818333
0.866111
0.871667
0.865
0.877778
0.841111
0.811667
0.871111
0.817778
0.881667
0.801667
0.859444
0.837778
0.829444
0.851667
0.817222
0.859444
0.847222
0.832778
0.833333
0.809444
0.827778
0.833889
0.809444
0.786111
0.867222
0.871111
0.837222
0.905556
0.880556
0.852778
0.856667
0.858889
0.884444
0.823333
0.824444
0.848889
0.843889
0.867222
0.821111
0.818889
0.827778
0.851111
0.856667
0.878889
0.880556
0.853889
0.856111
0.836667
0.818333
0.871667
0.899444
0.761667
0.885
0.902778
0.872222
0.895556
0.797778
0.871111
0.854444
0.850556
0.867778
0.850556
0.828333
0.825
0.825
0.863889
0.782778
0.892778
0.892778
0.858333
0.871667
0.892778
0.871111
0.885
0.867222
0.826667
0.832778
0.876667
0.836111
0.763889
0.868889
0.858889
0.893333
0.846667
0.852222
0.841667
0.852778
0.811667
0.853889
0.808889
0.847778
0.887222
0.880556
0.863889
0.861111
0.832222
0.875556
0.833889
0.899444
0.841667
0.85
0.827222
0.835556
0.85
0.901667
0.876111
0.847778
0.855556
0.882222
0.830556
0.863889
0.856111
0.868889
0.831111
0.817222
0.802778
0.807778
0.836667
0.841111
0.858889
0.877778
0.862778
0.860556
0.848333
0.792222
0.889444
0.862778
0.873889
0.857778
0.821667
0.881667
0.881667
0.847778
0.866667
0.856667
0.863333
0.833333
0.848889
0.863889
0.81
0.868333
0.850556
0.858889
0.850556
0.876111
0.873333
0.846667
0.875556
0.868333
0.871111
0.817222
0.838333
0.835556
0.817778
0.875
0.863889
0.818333
0.862222
0.886111
0.855556
0.857778
0.875556
0.873889
0.827222
0.816111
0.832222
0.877222
0.808889
0.8
0.85
0.875
0.861111
0.893889
0.853333
0.806667
0.855
0.838889
0.850556
0.847222
0.852222
0.835
0.857222
0.833333
0.860556
0.871111
0.867778
0.894444
0.851111
0.862778
0.828333
0.886667
0.873333
0.854444
0.833333
0.859444
0.861111
0.863889
0.865
0.879444
0.855
0.830556
0.852222
0.831667
0.856111
0.850556
0.882778
0.88
0.849444
0.878889
0.878333
0.862222
0.828333
0.842778
0.854444
0.872222
0.852778
0.821667
0.882222
0.785556
0.826111
0.798333
0.833333
0.863333
0.876667
0.875556
0.832778
0.837222
0.858333
0.859444
0.846667
0.859444
0.798333
0.873889
0.876111
0.850556
0.803889
0.836111
0.867778
0.786111
0.83
0.866111
0.873333
0.853333
0.864444
0.86
0.848333
0.864444
0.867778
0.848889
0.859444
0.886111
0.863889
0.852222
0.836667
0.85
0.763889
0.827778
0.886667
0.846667
0.801111
0.855
0.847222
0.827222
0.833889
0.859444
0.86
0.814444
0.885556
0.855
0.866111
0.791667
0.855
0.831111
0.895
0.873889
0.829444
0.832222
0.860556
0.836111
0.837222
0.823333
0.872222
0.846111
0.856111
0.858889
0.878333
0.888889
0.794444
0.887778
0.895556
0.831667
0.858333
0.867778
0.852222
0.813889
0.856111
0.881667
0.853333
0.872778
0.811667
0.856111
0.884444
0.843889
0.864444
0.836667
0.872778
0.867222
0.847222
0.879444
0.878333
0.88
0.856667
0.836111
0.851111
0.832222
0.860556
0.851667
0.837222
0.794444
0.85
0.868333
0.85
0.846111
0.853889
0.855556
0.828889
0.865
0.866111
0.831667
0.859444
0.851111
0.877778
0.878889
0.864444
0.880556
0.877222
0.856111
0.885556
0.856667
0.843889
0.859444
0.878333
0.852222
0.860556
0.873333
0.854444
0.908333
0.855556
0.811111
0.811667
0.831111
0.890556
0.888889
0.812778
0.748333
0.871111
0.853889
0.838889
0.851667
0.860556
0.852778
0.832778
0.886667
0.857778
0.863333
0.843333
0.829444
0.825556
0.868889
0.858333
0.873333
0.856667
0.831667
0.857778
0.859444
0.868889
0.896111
0.867778
0.865
0.836667
0.834444
0.848889
0.837222
0.890556
0.881667
0.846667
0.854444
0.867222
0.837778
0.853333
0.814444
0.847778
0.883889
0.801667
0.818333
0.854444
0.848333
0.844444
0.861667
0.883889
0.849444
0.855
0.874444
0.851667
0.881111
0.833333
0.881111
0.832222
0.843889
0.805
0.827222
0.887778
0.882222
0.867778
0.853889
0.855556
0.86
0.848333
0.841111
0.823889
0.823333
0.869444
0.899444
0.864444
0.892778
0.842222
0.832778
0.867222
0.863889
0.844444
0.804444
0.808889
0.857778
0.875
0.885
0.849444
0.821111
0.869444
0.872778
0.861111
0.833889
0.827222
0.848333
0.811667
0.876111
0.865
0.868889
0.842222
0.837778
0.808889
0.786667
0.771111
0.756111
0.842222
0.867222
0.860556
0.872222
0.858333
0.874444
0.868333
0.856111
0.866667
0.821667
0.795556
0.781667
0.817222
0.881667
0.839444
0.803889
0.833889
0.838333
0.838333
0.845556
0.808333
0.855
0.871667
0.846111
0.858889
0.891667
0.883333
0.858889
0.845556
0.895
0.772778
0.836667
0.843889
0.875556
0.845556
0.866111
0.831667
0.849444
0.877222
0.875556
0.822778
0.855
0.849444
0.867222
0.859444
0.837778
0.839444
0.855
0.828889
0.873889
0.845556
0.868889
0.812222
0.899444
0.887778
0.886111
0.867778
0.831111
0.838889
0.841111
0.828333
0.766667
0.883333
0.85
0.848889
0.853889
0.850556
0.865
0.851667
0.872222
0.858333
0.852778
0.846111
0.869444
0.803889
0.862778
0.886111
0.841111
0.807778
0.842778
0.840556
0.823333
0.841111
0.874444
0.872778
0.856667
0.831667
0.827778
0.873889
0.858333
0.84
0.841667
0.87
0.871111
0.844444
0.843333
0.893889
0.855
0.835
0.877222
0.816667
0.792222
0.877222
0.771667
0.895556
0.862778
0.825556
0.840556
0.775
0.885
0.885556
0.838333
0.853333
0.889444
0.833333
0.822778
0.888333
0.845556
0.882222
0.831667
0.828889
0.829444
0.802778
0.876667
0.821667
0.836111
0.895556
0.776111
0.837222
0.823889
0.862778
0.852778
0.865
0.855
0.825
0.842778
0.882778
0.875
0.820556
0.86
0.875
0.878889
0.857222
0.856667
0.850556
0.847222
0.877222
0.857222
0.868333
0.888889
0.864444
0.858889
0.852778
0.867778
0.849444
0.857778
0.840556
0.872222
0.855556
0.870556
0.862778
0.828889
0.869444
0.856111
0.852778
0.869444
0.855
0.848333
0.826667
0.864444
0.869444
0.889444
0.867222
0.829444
0.857222
0.766667
0.902222
0.854444
0.857778
0.861111
0.873333
0.857778
0.835
0.851667
0.851667
0.879444
0.848889
0.868333
0.825
0.856667
0.797222
0.764444
0.884444
0.841667
0.837778
0.832778
0.854444
0.861111
0.907778
0.853333
0.875
0.863889
0.826667
0.831111
0.867222
0.839444
0.807222
0.783889
0.851111
0.841667
0.821667
0.843333
0.843333
0.869444
0.837778
0.858333
0.861667
0.861667
0.872778
0.848333
0.831111
0.796111
0.835556
0.897222
0.853889
0.867222
0.898333
0.883889
0.836111
0.895
0.858889
0.833333
0.806111
0.876111
0.849444
0.855
0.861111
0.876667
0.85
0.850556
0.802222
0.811111
0.855556
0.813333
0.860556
0.861667
0.853333
0.837778
0.898889
0.855
0.832778
0.842778
0.810556
0.85
0.857778
0.857778
0.828889
0.853889
0.877778
0.711111
0.864444
0.821667
0.846667
0.887778
0.807222
0.863889
0.795556
0.831667
0.87
0.876667
0.855
0.873889
0.821111
0.871667
0.858889
0.832222
0.82
0.896667
0.849444
0.852222
0.816111
0.868333
0.886111
0.853889
0.9
0.837222
0.827778
0.895556
0.810556
0.873889
0.862778
0.867778
0.822778
0.872222
0.842778
0.822778
0.865556
0.827222
0.847222
0.831111
0.824444
0.806667
0.846111
0.832778
0.875
0.874444
0.852778
0.897778
0.865556
0.821667
0.836111
0.847778
0.857222
0.830556
0.827222
0.816111
0.867778
0.896667
0.85
0.855
0.836667
0.881667
0.877222
0.843333
0.899444
0.840556
0.891111
0.832778
0.863889
0.857778
0.861667
0.868889
0.822222
0.85
0.891667
0.856111
0.872778
0.881667
0.866667
0.852778
0.783889
0.843333
0.829444
0.891111
0.845556
0.892778
0.857778
0.888889
0.882222
0.761111
0.803889
0.885
0.889444
0.814444
0.856111
0.887222
0.829444
0.851667
0.877222
0.857778
0.865
0.831111
0.816667
0.720556
0.875
0.886111
0.876111
0.877778
0.83
0.856667
0.885
0.851111
0.882778
0.904444
0.855556
0.839444
0.840556
0.864444
0.862778
0.843333
0.820556
0.843889
0.864444
0.873333
0.888333
0.856111
0.876111
0.86
0.826111
0.847222
0.827778
0.877778
0.830556
0.866111
0.841667
0.903333
0.866111
0.891111
0.88
0.832222
0.881667
0.861111
0.874444
0.840556
0.839444
0.855
0.878889
0.868333
0.841667
0.873889
0.865556
0.847222
0.852222
0.821111
0.82
0.858889
0.842778
0.887778
0.87
0.871667
0.806111
0.841667
0.788333
0.858333
0.88
0.856111
0.812778
0.878333
0.855556
0.852778
0.838333
0.861111
0.856667
0.834444
0.826667
0.792222
0.908889
0.840556
0.805556
0.860556
0.84
0.861667
0.855556
0.882778
0.825
0.843889
0.863333
0.853333
0.837222
0.857778
0.871667
0.867222
0.84
0.831667
0.85
0.865
0.852222
0.849444
0.842778
0.824444
0.862778
0.786111
0.788889
0.751111
0.852778
0.842778
0.855
0.833333
0.825
0.881111
0.853889
0.843889
0.858333
0.852222
0.871667
0.871667
0.849444
0.824444
0.873333
0.877222
0.814444
0.871667
0.878889
0.896667
0.871111
0.84
0.866667
0.857778
0.861111
0.812222
0.841667
0.885
0.861667
0.861667
0.862222
0.831667
0.847778
0.839444
0.827222
0.812778
0.897222
0.870556
0.821667
0.836111
0.816111
0.838889
0.853333
0.876111
0.818889
0.850556
0.864444
0.883889
0.871667
0.866667
0.856111
0.873333
0.87
0.845
0.824444
0.856667
0.863889
0.875556
0.842778
0.826111
0.862222
0.866667
0.872222
0.810556
0.827778
0.889444
0.860556
0.798333
0.862222
0.859444
0.837222
0.815556
0.853333
0.877778
0.857778
0.853889
0.871111
0.854444
0.865
0.856667
0.833333
0.866667
0.827222
0.868333
0.86
0.861111
0.812778
0.865556
0.827778
0.857778
0.846667
0.885556
0.851667
0.857222
0.858889
0.82
0.821667
0.864444
0.864444
0.868333
0.861111
0.843889
0.848333
0.847222
0.845
0.844444
0.873889
0.883889
0.834444
0.799444
0.86
0.885
0.875
0.881667
0.883889
0.85
0.871111
0.832222
0.891111
0.835
0.846111
0.877222
0.817222
0.877222
0.861111
0.84
0.813333
0.861111
0.863889
0.897778
0.819444
0.866667
0.846111
0.850556
0.820556
0.844444
0.883333
0.878889
0.848333
0.853333
0.716667
0.845
0.838889
0.882222
0.828333
0.824444
0.886667
0.858889
0.822222
0.838889
0.756111
0.828333
0.871111
0.853889
0.837778
0.86
0.881667
0.868333
0.849444
0.871111
0.848333
0.833333
0.841111
0.813333
0.857222
0.874444
0.804444
0.884444
0.878333
0.846667
0.851111
0.855556
0.871667
0.887778
0.841667
0.884444
0.86
0.898333
0.838889
0.87
0.862778
0.885
0.787222
0.863889
0.840556
0.879444
0.843889
0.827778
0.821667
0.882222
0.898889
0.86
0.84
0.870556
0.853333
0.843889
0.891111
0.845
0.846111
0.867778
0.782778
0.827222
0.839444
0.838333
0.85
0.86
0.881667
0.84
0.807778
0.791111
0.872222
0.895556
0.866667
0.827222
0.834444
0.799444
0.771111
0.852778
0.874444
0.892222
0.86
0.841667
0.887222
0.853333
0.860556
0.873889
0.813889
0.858333
0.813333
0.822222
0.891667
0.874444
0.828333
0.778333
0.831111
0.863333
0.871111
0.861667
0.829444
0.861111
0.859444
0.882778
0.853889
0.856667
0.876111
0.856667
0.875
0.836111
0.871667
0.862222
0.837222
0.833889
0.881111
0.879444
0.902778
