10	0.35	-0.8952213870000002	0.0006609695509106312	0.320186799	0.0006740581136660248	1.5577354299999975	0.0056217993040573785	0.5543458980000003	0.002779156349613313
10	0.351	-0.8977280699999995	0.0006883089314399454	0.31988561099999996	0.0007078976293780049	1.5626409900000016	0.005657768369233579	0.562161659	0.0027321761518465455
10	0.352	-0.902103251	0.0006676300876975219	0.32283848100000045	0.0006787993633165845	1.5892085499999993	0.005842242035169378	0.5657218889999999	0.0028110223806791347
10	0.353	-0.9087587750000006	0.0006816384410924903	0.3283894250000001	0.0006673880598085342	1.6214283100000013	0.00566152395066028	0.5751641439999998	0.00268565123448001
10	0.354	-0.9125819710000002	0.0006723530591579099	0.3297933619999999	0.0006968464658416515	1.6305280000000026	0.005787327120528092	0.579616842	0.0028179040599417165
10	0.355	-0.9187409069999997	0.000690306797265536	0.3361715769999998	0.0006733371756193175	1.6788725700000005	0.005772938636006794	0.596603474999999	0.0027902996056651326
10	0.356	-0.9225825020000001	0.0006641778707515028	0.33674144500000047	0.0006956601001746483	1.7046769699999988	0.0059848356133731856	0.6049527440000004	0.0029082374429306823
10	0.357	-0.9319563919999994	0.000698640190896573	0.3482241510000002	0.0007020871670946574	1.73883036	0.005856371664298639	0.622876478	0.0029056884212723144
10	0.358	-0.9321514840000008	0.000682338736804529	0.3446833840000002	0.0007073850468761693	1.7496031799999991	0.005945972963914318	0.6231927869999998	0.003045970968284333
10	0.359	-0.9396000259999998	0.0006880650284122853	0.35229897599999943	0.0006953557761491597	1.7688534399999987	0.0060947088500108056	0.6380869699999997	0.0031889616782112616
10	0.36	-0.9437343389999987	0.00068533954364169	0.35558619700000005	0.000713537807120968	1.7733656400000009	0.006075543102505322	0.6384380649999996	0.0031167173957186117
10	0.361	-0.9472016799999997	0.0006764859611255801	0.35843983600000023	0.0006988411901884437	1.780396459999999	0.005820086414169468	0.6415648839999997	0.0029599384416815148
10	0.362	-0.9488802349999996	0.0007003792713773016	0.3535328260000003	0.0007068567872801388	1.8414749900000003	0.006257094341617364	0.6604221990000002	0.0031608598345069005
10	0.363	-0.9558081829999994	0.0007231772227545608	0.3618792899999997	0.0007165453732318699	1.87365016	0.006104278251718218	0.6709636779999995	0.003152576712836024
10	0.364	-0.9645368440000008	0.0007008515803392329	0.36652778599999963	0.0007062553958760242	1.895437790000002	0.006462380259308484	0.6801025360000003	0.0032449408621273816
10	0.365	-0.9662162749999998	0.0007217539811978869	0.36798109200000045	0.0007289195411950477	1.9233226700000006	0.006565370284386098	0.6955118009999999	0.003363075148045163
10	0.366	-0.9710915930000005	0.000719206373269174	0.37045884299999976	0.0007092195191553884	1.940865650000002	0.006551441152715942	0.7057910710000006	0.003486301619188877
10	0.367	-0.9780733870000007	0.0007161179227131518	0.3787310189999998	0.0007094503806743647	1.9472273700000007	0.006306238576449514	0.7030380740000004	0.0033484527185737587
10	0.368	-0.9841564990000005	0.0007573021325725939	0.38229073499999977	0.0007414468428518659	2.017529470000002	0.006459447857139184	0.7317767829999994	0.0035357823914815515
10	0.369	-0.9902743479999971	0.0007303329685123089	0.38763006999999977	0.00073042994537464	2.025352339999999	0.006431201203849866	0.743678933	0.0034322049196560214
10	0.37	-0.9932793179999998	0.0007778683506069634	0.3876476840000002	0.000780220735525531	2.0466829900000008	0.006539325543196333	0.7453241829999999	0.003476447618116948
10	0.371	-1.0040682599999997	0.0007327242130570035	0.39957669500000015	0.0007301065757647989	2.0968335499999986	0.0066771064914003045	0.7727334120000006	0.0034998098945879922
10	0.372	-1.0059733599999987	0.000745496284631921	0.3992799010000002	0.0007418393365136425	2.0958690000000004	0.006606278453108079	0.7701056230000012	0.0035241755187378223
10	0.373	-1.0120157299999992	0.0007619518797798154	0.4024587509999996	0.000760310894962712	2.1380228700000012	0.006860569193813298	0.783680463	0.003704060811681013
10	0.374	-1.0189525200000016	0.0007387170294503838	0.40784656199999963	0.0007517793467208314	2.190369620000001	0.006795905021084388	0.8091573099999992	0.0036893658387180846
10	0.375	-1.0216165199999983	0.0007413933433744889	0.4092415410000002	0.0007521359958936947	2.17229923	0.0069273707066317735	0.7933690030000006	0.0037550136080966487
10	0.376	-1.0292159599999962	0.0007435657861951463	0.4170672919999998	0.0007322262264737577	2.198684930000002	0.006867229440982735	0.8213664099999984	0.003714169833744815
10	0.377	-1.035300760000001	0.0007547488472333063	0.42109563500000086	0.0007523962026585464	2.226340099999999	0.006862158027180658	0.8390271859999998	0.003836492421132096
10	0.378	-1.0419458900000005	0.0007294177183891262	0.4279807980000001	0.0007088421779183298	2.2450965799999967	0.006912561992749144	0.8498129009999998	0.003748964713250713
10	0.379	-1.0517505899999995	0.0007775521538134925	0.43662340600000055	0.0007806053081833356	2.2904197499999976	0.006774224164987456	0.8723491770000008	0.003800742414801481
10	0.38	-1.0526368599999998	0.000742079470407316	0.43411602600000004	0.00076980495407863	2.2979342200000015	0.007003675234589341	0.8764999649999982	0.004014588288950064
10	0.381	-1.0572121200000006	0.0007504364767253803	0.4362406239999998	0.0007676666376911262	2.329043200000002	0.007155462274374733	0.8829761110000006	0.003980788345124494
10	0.382	-1.0653754400000008	0.0007929518310717285	0.44363864900000005	0.0008039792508510404	2.354608660000004	0.007181155311257373	0.9003544839999995	0.004106167645109488
10	0.383	-1.0701345600000007	0.000763458189031985	0.4469474559999993	0.0007692886272810744	2.3730908100000034	0.007470702379555752	0.9096532289999999	0.004120166389426404
10	0.384	-1.0786583200000004	0.0007685114036889724	0.4558044490000001	0.0007615976190870087	2.388029280000001	0.0075223673854445585	0.9380886539999996	0.004217983615933566
10	0.385	-1.08621666	0.0008133925524616001	0.4600987060000002	0.0007820337394025915	2.4406998500000006	0.0073351242850752	0.9536941979999997	0.004273330036961337
10	0.386	-1.0927685799999987	0.0007898184497718416	0.4645695850000004	0.0008037741851882282	2.459706849999998	0.00749248772955285	0.9647503219999993	0.004192907688265508
10	0.387	-1.1012980799999996	0.0008148082679992868	0.47370236900000007	0.0008214941489986398	2.457939420000001	0.007586695147664758	0.978593937000001	0.004123139749878847
10	0.388	-1.1105979500000016	0.0008153515177517031	0.48382742399999973	0.0007894904016034652	2.4625923599999986	0.007448071819632246	1.0028038540000002	0.0041414491621513385
10	0.389	-1.1065891799999996	0.0007856776232017837	0.4734789720000003	0.0007777266108447096	2.5058793900000023	0.007614987217842193	0.9902719420000009	0.004134446295773595
10	0.39	-1.113811679999999	0.0008112945073153162	0.4803295999999997	0.0007952073817564825	2.5133720499999965	0.007521635972147284	1.0015497159999995	0.004107348631823699
10	0.391	-1.1185979799999997	0.0007955351152526208	0.4835814110000006	0.0007726920978494603	2.530739449999999	0.007760227097031377	1.007468769000001	0.0042272657590502844
10	0.392	-1.1275628300000038	0.0008311563577931643	0.49196693099999994	0.0008029941296416801	2.5520684499999975	0.007956287419236437	1.0387517599999998	0.004183747495057512
10	0.393	-1.1368687699999993	0.0008186510777492423	0.5022673529999999	0.0007946673809783545	2.508760019999999	0.007852820652453489	1.03542121	0.004124320675687086
10	0.394	-1.1402849799999983	0.0008235770756887297	0.5024014789999993	0.0008225242145730412	2.5384366300000005	0.008165173907707057	1.0533119999999998	0.004391471211336813
10	0.395	-1.1463201599999986	0.000809602108692909	0.5063651400000001	0.0008139617745324409	2.561079559999996	0.008068369612654095	1.0618001699999986	0.0041970393697343365
10	0.396	-1.154525319999999	0.0007931492278253851	0.5116410109999999	0.0008065586158978138	2.6205465299999986	0.008239034558678582	1.0843644799999999	0.0042409661552056735
10	0.397	-1.1603845900000003	0.0008053094013483222	0.5171708679999998	0.000809090104114493	2.5963012799999974	0.008329328734153789	1.0845881500000008	0.00442404146426093
10	0.398	-1.169388049999998	0.000839961723830322	0.5251975219999996	0.0008070587621208256	2.628645769999998	0.008326616095815876	1.1149888299999997	0.004292392518293264
10	0.399	-1.1781883599999994	0.0008393716163893123	0.5332348679999992	0.0008103296949859349	2.6126371399999972	0.008614312916327105	1.1296415899999979	0.004471842570115812
10	0.4	-1.1810207599999998	0.0008291132747700995	0.5326520019999997	0.0008094335933206623	2.678741730000001	0.008579264753293256	1.149925359999998	0.004662940839255847
10	0.401	-1.18183135	0.0008210786061638712	0.5314865389999995	0.000817810417198875	2.677683459999997	0.008535759557789806	1.1528678199999989	0.004701002600254547
10	0.402	-1.1908047900000007	0.0008300616578905433	0.5388552609999993	0.0008024942509943626	2.691531890000003	0.008840811214356968	1.1664274399999999	0.00461439357298443
10	0.403	-1.2033438	0.000820801413254142	0.5509002789999994	0.0008015929398135934	2.6714755599999993	0.008934514876947713	1.1748082400000017	0.004589201641070046
10	0.404	-1.20898869	0.000807742770874495	0.5547007200000004	0.0007738549305909997	2.6794471299999985	0.00886426751982927	1.1893623800000015	0.004753501713011156
10	0.405	-1.2210660700000007	0.0008336864249224649	0.5683950410000005	0.0007822018571436649	2.600883920000001	0.009189984484948817	1.188788190000001	0.0046499526905012705
10	0.40599999999999997	-1.2277911900000005	0.000844401139210504	0.5732063719999989	0.0007995726756311762	2.6188876800000034	0.009414426929856107	1.2121729599999995	0.004578265964139698
10	0.407	-1.2315485299999984	0.0008522072160572217	0.5735754950000002	0.0008106923633382764	2.6424222500000014	0.009041841871958386	1.2124991900000006	0.004590915665082514
10	0.408	-1.2416492500000011	0.0008604056819314945	0.5823379370000002	0.00081319216611512	2.6280946100000007	0.00935795519586945	1.2302326199999989	0.004756457961088274
10	0.409	-1.2492306999999971	0.0008304937748111056	0.5877034449999996	0.0007714254344880005	2.6406522300000006	0.009441599023846548	1.2425206899999992	0.0048198072185410105
10	0.41	-1.25854727	0.0008489297068073418	0.5965416100000002	0.0007952649784191429	2.61407152	0.009482740515779181	1.2489841900000027	0.004770863249339682
10	0.411	-1.2616691499999988	0.0008646736826687846	0.597162944	0.0008143338166034874	2.6285009699999984	0.009972156023603927	1.2493320200000015	0.004790427968313479
10	0.412	-1.274033699999999	0.0008220679473133584	0.6077343389999985	0.0007704213730673639	2.575097290000001	0.01027908783676353	1.2393370499999983	0.004878673036543855
10	0.413	-1.2778218699999964	0.0008256166199271926	0.6090465259999999	0.0007954677789351372	2.609548380000003	0.010045947181605133	1.2598727699999996	0.004809381896574656
10	0.414	-1.2837898200000002	0.000836880258818432	0.6132183890000005	0.0007753820385326194	2.6133823800000004	0.010233731408220557	1.273526060000001	0.004930032076609646
10	0.415	-1.2922345199999998	0.0008721989277681977	0.6203080240000003	0.0007819717715007377	2.602769419999999	0.01008552503658585	1.2877589400000002	0.004855512565775111
10	0.416	-1.3024706099999994	0.0008751958226020048	0.6297949340000006	0.0007908279165810964	2.5186731499999984	0.010159528629690454	1.2773812399999986	0.0048987129189614715
10	0.417	-1.3068435499999995	0.0008700249982040751	0.6320342010000003	0.0007738242078140227	2.533643259999998	0.010111507591472202	1.28777005	0.004822085865836484
10	0.418	-1.3156987200000017	0.000872976266344047	0.6398233000000008	0.0007731777337714781	2.4741435299999988	0.01053446296870894	1.2797797699999989	0.004822641936438989
10	0.419	-1.3232506399999988	0.0008516700008806214	0.6458619110000001	0.0007627774793994646	2.4445100499999994	0.01089345202851236	1.2847846399999996	0.0049257722308689855
10	0.42	-1.33197581	0.0008655365641612094	0.6537228030000003	0.0007614231334750742	2.3961828699999987	0.010594722028590454	1.2850318699999987	0.004889265671151448
10	0.421	-1.3349873600000013	0.0008458074428615509	0.6540124169999999	0.0007537954265654575	2.4237778999999993	0.01062497984892207	1.2928939399999981	0.004914497866150723
10	0.422	-1.341867809999999	0.0008455112677546059	0.6597259639999997	0.000740821355458925	2.395699980000001	0.010787577985794584	1.3030537000000013	0.004925786547344496
10	0.423	-1.349474940000002	0.000836352674653466	0.6646671070000003	0.0007269272381407915	2.3845825999999994	0.01082232779211571	1.30124703	0.004911179133273396
10	0.424	-1.3571958199999967	0.0008410380060377777	0.671356124000001	0.0007349392591391473	2.32967184	0.01118979120512979	1.29137532	0.00491052682485291
10	0.425	-1.3657192000000011	0.0008322907905293687	0.6779067189999997	0.0007242219729054071	2.2956331899999998	0.011136921788532952	1.2882885399999995	0.004989848020571367
10	0.426	-1.3737559399999986	0.0008560429407453843	0.6843290079999998	0.0007308273270314959	2.2537563899999986	0.011227312539869014	1.2895966599999986	0.0050165238805770646
10	0.427	-1.3791749600000023	0.000837722148686545	0.6874335669999997	0.0007003012476863081	2.2398329400000017	0.011067116858351145	1.2887551099999996	0.0049733784883014935
10	0.428	-1.3860140899999984	0.0008175611120277201	0.6919935530000002	0.0006870213120355144	2.210143610000004	0.011134196570381718	1.2833378399999977	0.00500937121147954
10	0.429	-1.396950140000001	0.0008268085512378333	0.7018531950000007	0.0006932333784339871	2.1256568300000023	0.01126858328500527	1.2807926599999981	0.004879304409892869
10	0.43	-1.4065717000000004	0.0008207817675850233	0.7090252410000001	0.0006917016184157732	2.0737463599999977	0.011664046902786353	1.2810143600000012	0.005029249167659121
10	0.431	-1.4104111700000006	0.0008181784225338586	0.7106317940000001	0.0006929570589610882	2.110236760000002	0.011620741994485555	1.3020861000000006	0.005039070290242039
10	0.432	-1.417136729999998	0.0008138681755051012	0.7152120759999995	0.0006913221638454824	2.0771651300000005	0.0119893381211433	1.2900896699999997	0.005032583450982213
10	0.433	-1.4244922599999992	0.0008207034131767672	0.7210169780000006	0.0006882386908013835	2.018555109999999	0.011797375232987198	1.28355396	0.0050643611165081814
10	0.434	-1.432791839999998	0.0008039878198082359	0.7278727689999998	0.0006749752200184825	1.9421903300000027	0.011673076980432365	1.2659095200000001	0.004987943059979732
10	0.435	-1.4376788200000012	0.0007901727707280252	0.7298044479999993	0.0006617447130850362	1.9743191000000007	0.012005171135389955	1.2778598699999986	0.005060856319151925
10	0.436	-1.4446110500000018	0.0007781228678685648	0.7354550739999993	0.0006524703139024784	1.9102610199999992	0.011813967130460451	1.2678192899999994	0.00512819260518752
10	0.437	-1.4534929000000008	0.0007887970524792825	0.7412915789999993	0.0006526561114086045	1.8715543900000007	0.012008601060402501	1.253548620000001	0.0051007781656919795
10	0.438	-1.461797929999998	0.000803700451101032	0.7473968969999999	0.0006577939802027672	1.8222453000000014	0.01207580558430782	1.24269445	0.005178256144446699
10	0.439	-1.4650659599999964	0.0008024627582635854	0.7488700939999993	0.0006557076689836709	1.8393160300000002	0.012199710444887617	1.2536522100000007	0.005182759459583288
10	0.44	-1.4726657200000017	0.0007878015496303622	0.7543983909999994	0.000642997871006586	1.7989026100000003	0.012265522316146993	1.2531181199999997	0.00509084402291015
10	0.441	-1.479566889999998	0.0007815648584090755	0.7598306450000001	0.0006295136972099976	1.7222429799999994	0.011966859041519623	1.2428372900000009	0.005084397875451921
10	0.442	-1.486274510000003	0.000798721703661547	0.7635730399999987	0.0006328682235663284	1.7387611999999988	0.012086720388922714	1.2454175599999988	0.005118680068767728
10	0.443	-1.493743869999999	0.0007817958321070781	0.7688649829999992	0.0006137591194524121	1.6793048299999984	0.011807709150004498	1.2275685899999986	0.00511698013596887
10	0.444	-1.4998516099999986	0.0007963599110326909	0.7730546149999992	0.000617237783009919	1.6327851000000002	0.011545605882325968	1.2241954299999998	0.00509174031300694
10	0.445	-1.5049986800000015	0.0008013228173464156	0.7759451149999997	0.0006199017210614919	1.6178372400000007	0.011834630504684128	1.2248679300000003	0.005219573355658488
10	0.446	-1.5105797299999986	0.0007842123609711818	0.7793924539999988	0.0005954388531864538	1.5903171800000002	0.011378124179652817	1.2142032100000002	0.005111922788530754
10	0.447	-1.5153152400000005	0.0007745764922846557	0.7822493680000007	0.0005910976303251428	1.5705075999999967	0.011439280564790773	1.2163509799999999	0.0051702920265300255
10	0.448	-1.5236982099999963	0.0007761607410195396	0.7885426220000007	0.000587872812023145	1.4989262799999983	0.011455335192022973	1.1947674599999984	0.0051567325263581435
10	0.449	-1.5315425500000006	0.000758484671895219	0.7946181970000002	0.0005649049532363831	1.4032123299999997	0.010969428648343542	1.169975779999999	0.004999342815970917
10	0.45	-1.5341038700000014	0.0007585311615879748	0.7948619820000007	0.0005623311210274597	1.440007919999999	0.011062966214971458	1.1867220299999999	0.0049836815487248
10	0.451	-1.5412015299999973	0.0007490930243300865	0.7997714590000016	0.0005422148101251009	1.3805079899999995	0.010805056643067634	1.1650038299999979	0.004885722344863656
10	0.452	-1.5492456200000015	0.0007349103452802928	0.8061690779999997	0.0005214191671927689	1.2822132700000006	0.010054175908899742	1.1436998099999989	0.00492219108364354
10	0.453	-1.5552030600000004	0.000735197821269894	0.8099381439999995	0.0005250717905810595	1.2464019499999985	0.010346885004555719	1.1359303299999988	0.004921311328406277
10	0.454	-1.5594735299999978	0.0007345141517356874	0.8119664140000002	0.00052400108454468	1.250466999999999	0.01034920481969509	1.140864750000001	0.005041456410354056
10	0.455	-1.5645172300000034	0.0007215972748701319	0.8152992629999991	0.0005162159720804852	1.2171993199999989	0.010469277144941771	1.1329917499999989	0.005002940998802603
10	0.456	-1.5706123299999972	0.0007072171315091292	0.8193031389999997	0.0005025502399551712	1.1767090200000003	0.010472318312560975	1.1156616700000002	0.0050644861843132695
10	0.457	-1.577413760000001	0.0007045194549478402	0.8239566839999991	0.00048570354553369237	1.1157664699999994	0.009861541575184887	1.0989572399999994	0.004951161316539788
10	0.458	-1.5832902300000007	0.0006979269640155786	0.8276698420000003	0.0004797317240250024	1.0819269600000023	0.009819206849761338	1.0883127299999988	0.004908516196071881
10	0.459	-1.5862832599999985	0.0006957630145387173	0.8284462059999999	0.0004839793296867131	1.0985467599999996	0.009886997314776616	1.0944152599999992	0.005048442683877875
10	0.46	-1.5926733900000012	0.000679699939605702	0.8327214980000005	0.00045577901443133613	1.0314629690000001	0.00899963183502742	1.0714596300000008	0.004811633585706629
10	0.461	-1.596580200000004	0.0006778573301219065	0.8341360960000006	0.0004625418735466025	1.0449352700000012	0.009381142741004425	1.0674998599999999	0.004880268556175978
10	0.462	-1.6006767600000025	0.0006808019553438413	0.8355686509999991	0.0004709317627841623	1.064146460000001	0.009867785682127475	1.0691350900000012	0.004995781079260779
10	0.463	-1.6073169699999956	0.0006790046532241167	0.8401152759999994	0.00045804189308839465	1.0050906279999992	0.00957905147953679	1.0475131299999993	0.0048465762248312986
10	0.464	-1.6123454300000024	0.0006709332419101048	0.8432982470000002	0.00044547616545781774	0.9676785760000001	0.009452262681084567	1.0367242099999996	0.004878893909063815
10	0.465	-1.6170495699999976	0.0006633493160469832	0.8460954340000005	0.00043426324233579905	0.9333439019999995	0.008975842134663242	1.0244878099999994	0.004770351171968373
10	0.466	-1.6212515299999957	0.0006666165007708695	0.8484023	0.00043690000915541286	0.9122091450000002	0.009164724055964532	1.0205508400000005	0.0047809689284077144
10	0.467	-1.6262817900000004	0.0006610678451566067	0.8518571849999999	0.0004219562024369359	0.8531405569999989	0.00856956666645117	1.0001025019999994	0.004725421552623217
10	0.46799999999999997	-1.630818850000006	0.0006530272410091323	0.8544516769999989	0.00040919575592984997	0.8294312519999989	0.008299376356841278	0.9907589240000003	0.0046952270371329215
10	0.469	-1.6353819299999983	0.0006551239387322038	0.8567873870000013	0.0004148005366811855	0.816873985999999	0.008565497996252407	0.984653119999999	0.0047519192701055
10	0.47	-1.64089189	0.0006542281925291792	0.8602376629999997	0.0004043288110325549	0.7677446389999999	0.008133983580059588	0.9636582600000013	0.004663705910796691
10	0.471	-1.6448069100000033	0.0006498273246794106	0.861653416000001	0.0004096923052047709	0.783081863000001	0.008621772268056665	0.9627571629999992	0.004726310492596842
10	0.472	-1.6488112599999993	0.0006450496201068547	0.8636519070000003	0.0004039933840436028	0.7648422749999993	0.008405187257484214	0.9516912139999998	0.0045679543544352545
10	0.473	-1.6537675000000005	0.0006366306228889727	0.866783428	0.0003923021397035697	0.7292388709999994	0.008150628466097506	0.939235999	0.0045041769711012675
10	0.474	-1.6567820300000011	0.0006381339820915351	0.8679649520000002	0.0003930398194788925	0.7320199469999991	0.008337295537654341	0.9351900939999996	0.004560836137723434
10	0.475	-1.6603586100000043	0.0006296035005461763	0.869548925	0.0003885714366432513	0.7274003389999986	0.008327126970575086	0.9322885640000009	0.004595055072564856
10	0.476	-1.6644328399999984	0.0006198508969098909	0.8719581330000005	0.0003734515755904636	0.6972684880000002	0.007949870633906946	0.9209649450000006	0.004621497578488493
10	0.477	-1.668041169999998	0.0006226884703445192	0.8738492019999995	0.00036481417351303655	0.6783256419999999	0.0075074348842887745	0.9157985859999994	0.004544920087372713
10	0.478	-1.67133429	0.0006151363230211652	0.8753451320000007	0.000362210624603973	0.6735852590000007	0.007513011191920254	0.9095252479999989	0.004525075596329414
10	0.479	-1.6745657600000041	0.0006128592190707417	0.8765274370000001	0.0003679664495996889	0.6837292610000001	0.008023525412864285	0.9087918619999998	0.004583385019279529
10	0.48	-1.678450910000005	0.0006027953814521159	0.8786275759999999	0.0003587631812547092	0.6621721970000001	0.007822436788762885	0.8986082369999998	0.004509241566475563
10	0.481	-1.6814788499999966	0.0006018750514018694	0.8796691200000009	0.00036241493015603084	0.6696246579999996	0.008069932715273157	0.8978620959999998	0.004502907572089839
10	0.482	-1.6856177699999983	0.0005918999299712744	0.8819522219999996	0.00034922133198875456	0.6432670840000009	0.007701446050511813	0.8842860639999998	0.00443157553765069
10	0.483	-1.6892078100000045	0.0005898149742927867	0.8838296009999989	0.00034524081421378723	0.6231535249999991	0.00752678884647198	0.8736119440000005	0.004436645389578031
10	0.484	-1.6928511100000019	0.0005838702491992581	0.8857245600000001	0.00033739557554893966	0.6050440869999993	0.007317529451353851	0.8660013639999992	0.004420066940839696
10	0.485	-1.6967144799999985	0.0005720714374971006	0.8877050380000008	0.00032679406138422847	0.5879267630000004	0.006908823371952058	0.854570832	0.004216624154199185
10	0.486	-1.7002209599999976	0.0005745574630966012	0.8893638640000001	0.0003314626245958962	0.5803123869999997	0.007238437973570747	0.8483605300000007	0.0042309204155951685
10	0.487	-1.7038881900000022	0.0005645052912949516	0.8913821460000014	0.0003218909515410447	0.5505912500000003	0.006850200213971852	0.8346012879999996	0.004159313307392941
10	0.488	-1.7078271200000015	0.0005619572097588921	0.8937040309999994	0.00031409995230658746	0.5122540420000005	0.006325043848246112	0.8174616229999994	0.004093432666707857
10	0.489	-1.711194899999999	0.0005586440637830111	0.8954880760000006	0.00030535702091813666	0.48547606699999957	0.0057176532284243155	0.8064202169999996	0.004088479253697028
10	0.49	-1.7141880099999975	0.000555186581159888	0.8967654590000003	0.0003026317668702345	0.48508207200000003	0.005789279171608154	0.8028462210000004	0.004062414341516506
10	0.491	-1.7175932499999986	0.0005537753493069153	0.8983790739999999	0.000299526510552907	0.46981101599999936	0.005578792914040097	0.7942907519999993	0.004060634963709
10	0.492	-1.7211599700000029	0.0005464691199875783	0.9003688069999985	0.0002886157822278603	0.43777993099999973	0.004983678454539277	0.7798947170000008	0.003923775395064174
10	0.493	-1.7241577400000028	0.0005440425464979759	0.9014901429999994	0.00028827432516788734	0.4389721529999997	0.0051579452197159864	0.7770563160000004	0.003930128100729542
10	0.494	-1.7272977799999962	0.0005411900512758911	0.9027919939999997	0.00028944551467245086	0.440021701	0.005555965695322372	0.7717510160000011	0.003925905206158702
10	0.495	-1.7303455299999975	0.0005336874732462827	0.9042028049999993	0.000283915305989304	0.4304344550000004	0.005514983104414283	0.7662872360000003	0.0039326459446922014
10	0.496	-1.733283999999998	0.0005299552811322875	0.9054647959999985	0.0002787534795908376	0.4242680410000002	0.005405755485898248	0.7581605869999997	0.0039062863518220204
10	0.497	-1.7368451800000049	0.0005195955808126187	0.9073730180000004	0.00027006201079752114	0.3985810089999999	0.005080464933145291	0.7457111419999999	0.0038887564310247065
10	0.498	-1.7394805800000015	0.000520660603080353	0.9085392419999994	0.00026947436879228503	0.38793062700000025	0.004902863383153869	0.739494370000001	0.003874204188101087
10	0.499	-1.7427844699999997	0.0005250437306548858	0.9101793789999987	0.0002651985432821978	0.36993462600000077	0.004593775172788063	0.7296767509999994	0.003799740589698064
20	0.35	-0.8806967610000005	0.000322460115175505	0.158644171	0.0003646466999151373	1.9279529200000014	0.009578711691746443	0.4856814089999998	0.0022743182336073817
20	0.351	-0.8843770809999987	0.000317362963243981	0.16079159599999995	0.00036304979931684264	1.9449223799999997	0.008969425318023446	0.48908550500000036	0.0022942663964707764
20	0.352	-0.8883081230000005	0.00031985157787792966	0.1637118410000002	0.00040382867124437785	2.061034799999997	0.009954512291418395	0.4984263799999997	0.0023045971712210363
20	0.353	-0.8931944520000001	0.000319996930760281	0.165220736	0.00038098928371280995	2.082306840000001	0.009872415591657394	0.4976166050000007	0.0022495504330810184
20	0.354	-0.8962630770000002	0.0003159233120094183	0.164593614	0.0003684457097103995	2.1040172800000003	0.010045784250201669	0.5031559729999994	0.0024094222627574027
20	0.355	-0.900403689999999	0.00032480190870744387	0.17035268899999975	0.0003875110943947281	2.15836352	0.010284509313020239	0.5132576520000002	0.0023566463338600494
20	0.356	-0.9048838529999995	0.0003131410119914039	0.16792793300000003	0.0003878695560507422	2.1203059500000014	0.00954650820444313	0.50907492	0.0023699207133573057
20	0.357	-0.9079283230000006	0.00031759485617843434	0.16633704000000019	0.00038489293888041126	2.1202840400000005	0.01020444346735284	0.5142613719999997	0.0023920906959427764
20	0.358	-0.9132725470000007	0.00031916725989831704	0.17312058299999986	0.00040046374007018427	2.281668669999996	0.010354283979643403	0.531541072	0.0024878079895393874
20	0.359	-0.9159563699999993	0.00031838924463618325	0.17210910899999995	0.00039371784709230545	2.2755249299999996	0.010935727227537271	0.532043974	0.002466006378200185
20	0.36	-0.9195963529999995	0.0003163666139007088	0.17274521999999998	0.0003989321140244292	2.255922439999998	0.010929278642545446	0.5314348290000006	0.0024235872775204515
20	0.361	-0.9244866350000008	0.00032682911096626406	0.1780447	0.000412406566388073	2.4180028599999965	0.011622097350323652	0.5508765950000002	0.002453755337635561
20	0.362	-0.9276255990000001	0.0003396282941673135	0.17693745300000008	0.00040148688620053293	2.394089519999998	0.011075393273811993	0.5484875080000002	0.0025077163830736545
20	0.363	-0.9328757010000005	0.00032271478986715214	0.18152327700000018	0.0004077639197758919	2.5049194000000012	0.012075236040757126	0.5597550080000007	0.002570914522098314
20	0.364	-0.939792413000001	0.000320931195789689	0.18814866500000002	0.0004100777667406514	2.6488190099999995	0.011828801668803986	0.5713182950000003	0.0025883915009084295
20	0.365	-0.9432922479999989	0.0003307645151705376	0.19091079700000027	0.0004288406531463636	2.713623810000004	0.011968865108434463	0.5857565569999991	0.0027028281204603075
20	0.366	-0.9455152240000003	0.0003153424231276224	0.18680116299999971	0.0004089715423241573	2.689529270000002	0.011797252110856152	0.5711737229999997	0.0025554838743907216
20	0.367	-0.9503617860000001	0.000332383489668185	0.18949320299999983	0.000433848132174151	2.7517003099999964	0.01290564869364961	0.5884651859999996	0.002732008107126333
20	0.368	-0.9552392450000005	0.000337242137009896	0.19658267299999993	0.0004406101838030983	2.8499977899999958	0.012498958421240545	0.5948794370000001	0.002695104807986324
20	0.369	-0.9583729629999983	0.00032487034280001515	0.19549952899999984	0.0004418599112377135	2.8952039700000025	0.01352792854575674	0.6059418430000006	0.002836463276397388
20	0.37	-0.963932901	0.00034323299549868393	0.20080264299999995	0.00046480501455018695	3.0454804299999982	0.013533745864139022	0.6132687129999999	0.0027181085976522345
20	0.371	-0.9679557439999996	0.0003357601025494231	0.201180878	0.00045368974764259336	3.1454245200000037	0.013847635934324672	0.6225830320000002	0.002871011290987203
20	0.372	-0.972800295999999	0.00032232807259684903	0.20505440000000003	0.00046931331964903794	3.2007102899999977	0.014801399022251239	0.628041753	0.0029352288013016984
20	0.373	-0.976605668	0.00032923719682927837	0.20693291499999986	0.0004461246751469818	3.159093210000003	0.01372242818148086	0.6263732329999989	0.002941463324726486
20	0.374	-0.9810393219999991	0.0003386286938757554	0.20714859400000007	0.00047068850120222813	3.2219190400000053	0.013766855279198659	0.6341757579999998	0.0028973239631487533
20	0.375	-0.9869092040000008	0.00034066485639701474	0.21680428600000012	0.000483906286592766	3.402797739999997	0.013863311238387454	0.6547238049999998	0.00300393229666965
20	0.376	-0.988352794	0.0003366222119290411	0.2103986719999998	0.0004744236128356177	3.334652510000001	0.01502039010145542	0.6535196549999998	0.0029613669029647433
20	0.377	-0.9937653989999984	0.0003349124808050611	0.2156637299999998	0.00046070567513326727	3.433490880000003	0.014765915807209522	0.6608656869999998	0.0030903510300661643
20	0.378	-0.9983230579999997	0.000327115032727021	0.21833061800000014	0.0004826892893736093	3.479709379999998	0.01502441814565875	0.6543448040000002	0.003057582899544017
20	0.379	-1.0051167399999976	0.0003456714804550695	0.22594165599999977	0.0004953354617468853	3.733291550000002	0.01538149929290054	0.6895722979999994	0.003268486968185128
20	0.38	-1.0088997000000022	0.0003386997342780153	0.22579139300000006	0.0004995930529450947	3.7863566900000016	0.01547552521706129	0.6927490559999997	0.0031043457869354674
20	0.381	-1.0141729099999988	0.00036145543556571707	0.22988072900000003	0.0005181917710259397	3.938865500000006	0.016840858533637766	0.7071028940000013	0.0032669465515621776
20	0.382	-1.0207520699999981	0.0003373336850953378	0.24000136399999966	0.0004958838064546976	4.096584249999998	0.016686617848968074	0.719504323	0.0034154111003905523
20	0.383	-1.02398064	0.0003516771109981443	0.23610174699999997	0.0005221641494693023	4.145308220000001	0.01670507961763727	0.7289444400000001	0.0033243216508635253
20	0.384	-1.0302378699999988	0.00034888445522837495	0.24466520899999994	0.0005100836062049045	4.263937240000002	0.016709595434432276	0.7512629270000003	0.0034262965058020002
20	0.385	-1.03122048	0.0003531999003397338	0.23560790199999998	0.0005114441380991674	4.224114729999999	0.017835358093604394	0.7356557959999994	0.003492194674181838
20	0.386	-1.0384027699999994	0.00034604801270921834	0.24309748199999998	0.000531695965450181	4.429781120000004	0.017224267065556083	0.7665129719999999	0.0035605139835725953
20	0.387	-1.0438156299999979	0.0003494698886885674	0.25414466599999985	0.0005322503174672608	4.7128814	0.018511928333914865	0.785844749	0.0036258874248932477
20	0.388	-1.0497030400000023	0.0003554849622698553	0.2567709750000001	0.0005575262436648167	4.799156139999999	0.017927733813853895	0.7943564299999997	0.003526266505966332
20	0.389	-1.055016390000002	0.00036913502665014036	0.26261385399999976	0.0005778944684663452	4.910326079999997	0.019002841151617312	0.8132717740000005	0.0040776621087240655
20	0.39	-1.05728394	0.00036190396018833553	0.2607423359999998	0.0005480931281306122	4.853003350000002	0.019104661700158412	0.8139368640000001	0.003858784230752478
20	0.391	-1.064045020000002	0.0003595555584329086	0.26509278099999994	0.0005528257365924626	5.08398572000001	0.019580781845513734	0.8228389639999991	0.003678892430705741
20	0.392	-1.0721892600000031	0.00037631430002060893	0.2771499919999999	0.0005808443284874197	5.258728249999986	0.019517573185145225	0.8434439399999994	0.003973817563804357
20	0.393	-1.0761714299999985	0.00036424889169357934	0.28075559799999955	0.0005690745367664937	5.369380440000008	0.019746866035054773	0.8526825699999995	0.003987396318288413
20	0.394	-1.085112489999999	0.0003812601472747969	0.2907701800000002	0.0005988288049183991	5.801416140000003	0.020770501354093494	0.9013582970000001	0.004132462625214048
20	0.395	-1.0896147900000017	0.0003934800578174194	0.295319785	0.0006088919943430021	5.897007809999999	0.02101274864704519	0.9128836130000002	0.004297298973917336
20	0.396	-1.0952579200000017	0.00038433874850189444	0.29796580800000005	0.000599483263432767	5.977822360000002	0.0202080502976017	0.9370401049999997	0.004363366547515232
20	0.397	-1.0991747000000007	0.0003692943406010969	0.30025343699999973	0.0006216754314198037	5.934436200000001	0.02136855305255833	0.925250479999999	0.004394570538471308
20	0.398	-1.105865779999997	0.0003832510816684048	0.3056879920000002	0.0006362305650752723	6.2120405499999976	0.021527669567268544	0.9637557570000009	0.004613677263739956
20	0.399	-1.1105032099999994	0.0003880100461328281	0.31113623199999974	0.0006281877188993756	6.171704380000005	0.021735110881143452	0.9619161880000001	0.004808196614808509
20	0.4	-1.121050820000001	0.0003861535026385231	0.3299211020000003	0.000659101532084398	6.6851880000000055	0.02174501262358797	1.027635709999998	0.004600363843860615
20	0.401	-1.1224457499999998	0.0003775815640361696	0.3194184289999999	0.0006209247997616134	6.478996639999997	0.022650509440416557	0.9846146720000002	0.004757088356381033
20	0.402	-1.1311697299999983	0.0003897399480422782	0.3361219529999995	0.0006416317329987651	6.87608709999999	0.022248002853964218	1.0679113600000003	0.005103275727451926
20	0.403	-1.132564750000001	0.0003863678784526451	0.33029563299999976	0.0006261086857016124	6.803164990000003	0.022136827753765898	1.053631090000001	0.0048676835057242605
20	0.404	-1.1430658700000031	0.00039679370345306776	0.3449609789999998	0.0006630761076671361	7.1703825000000005	0.022812320797104366	1.0945756199999992	0.005047258762496727
20	0.405	-1.15212057	0.0004228214458846658	0.3566960859999997	0.0006728996824222759	7.408455409999996	0.023492284027567437	1.109449850000001	0.004976754452200751
20	0.40599999999999997	-1.1573621600000006	0.0004160566480661	0.3617748579999994	0.0006798777683054523	7.598818479999999	0.02398474351102383	1.1505720300000013	0.00510235917778237
20	0.407	-1.1642609799999994	0.00041385726959907327	0.3670714470000001	0.000697569049765684	7.863563509999999	0.024557744851266373	1.17726793	0.005454432272482628
20	0.408	-1.1743616499999996	0.00041482740688146487	0.379592669	0.0007123518199871468	8.210532670000001	0.02457198012719161	1.23323841	0.005623278507410067
20	0.409	-1.1748859600000026	0.0004301635484324514	0.37734116299999987	0.0007024771458424815	8.0463281	0.023882005133363495	1.2062841199999985	0.005188274590420213
20	0.41	-1.1848016899999991	0.0004233372696798653	0.3896558000000002	0.0007268314481363612	8.209524919999998	0.02390170742423228	1.2534799300000015	0.005427988475954975
20	0.411	-1.194158080000001	0.00043404252510554817	0.4061516280000002	0.0006949667572020982	8.120653430000006	0.02540746327233595	1.2490593100000003	0.005651113856922366
20	0.412	-1.2021466299999999	0.00042271260106602123	0.4153375520000007	0.00071509249981803	8.367652330000002	0.026339791986101556	1.2949333399999996	0.005837647954818789
20	0.413	-1.2068247400000016	0.00043229449730478926	0.41498752900000024	0.0007053724726405192	8.608964900000013	0.025794723878925303	1.3337249700000011	0.006204765442714172
20	0.414	-1.2156166899999983	0.00044594320703425847	0.42984705699999953	0.0007210394370289326	8.615338550000017	0.027514363041827826	1.3589795899999997	0.0062264035150237425
20	0.415	-1.2208720200000025	0.00044648148853004176	0.4301437689999998	0.000724062769129169	8.843143279999987	0.02598804146605897	1.3476163400000012	0.005710785182827317
20	0.416	-1.2290499400000001	0.0004420438851516926	0.4440936860000004	0.0007046030140469166	8.485097259999996	0.026223698497588006	1.3588357800000013	0.005911332048836366
20	0.417	-1.241924950000001	0.0004376059843055151	0.46084995000000023	0.0006991177880014214	8.793680749999996	0.02715895373790195	1.42562486	0.006001966159551383
20	0.418	-1.253231140000001	0.00046625046959761744	0.47532892099999996	0.0007526085999767742	9.06921165	0.030133341417398415	1.4852064899999995	0.006224035763064029
20	0.419	-1.2521281500000017	0.0004720697803291388	0.46603922799999997	0.0007541207662012759	9.12462227	0.02908187343255416	1.47936972	0.006146565278397364
20	0.42	-1.27047523	0.0004461046369407081	0.4987883780000001	0.0007080480810764196	9.084993610000001	0.030578997675985056	1.5546168100000004	0.006147100432228189
20	0.421	-1.27223385	0.0004637396656530483	0.49255667900000094	0.0007636045429140648	9.496887259999998	0.02929043548485408	1.5585672599999985	0.006362924790723209
20	0.422	-1.2782582099999982	0.0004579915893332564	0.5006362119999997	0.0007245180294899496	9.01486360000001	0.03189581740667574	1.5198845200000002	0.006602367921405165
20	0.423	-1.2876590499999994	0.00045803689534796546	0.5135894530000008	0.0007175420780630216	8.828531700000003	0.03138567167530432	1.5115030599999988	0.006299250069365402
20	0.424	-1.2993086000000018	0.00045750807643144453	0.5307215570000003	0.0007008537798649596	8.951800569999996	0.03152465783121364	1.5922880499999992	0.006746431908609172
20	0.425	-1.3077117000000014	0.0004631998596718245	0.5388707220000005	0.0007298686174346723	9.033639369999998	0.033282391072504074	1.61639575	0.0066644834186529375
20	0.426	-1.3181371400000006	0.0004605594645645673	0.5514829109999992	0.0007083944050308405	8.94860267	0.034036257188050215	1.6501008800000005	0.006749380210478587
20	0.427	-1.3290566700000002	0.00048038006942420047	0.5662987770000008	0.0006986433634344473	8.599658140000008	0.035374372112313174	1.6212265099999992	0.006912543259893565
20	0.428	-1.333304100000003	0.00047689746277370954	0.5680935449999992	0.0007066516807982566	8.77129497	0.036131828619640885	1.6695009000000003	0.007027098660898391
20	0.429	-1.343090109999999	0.00046670064056094555	0.577467616	0.0006898392338393062	8.727915989999996	0.034842242324797344	1.6607680700000005	0.006826266811010247
20	0.43	-1.3523812899999983	0.0004780809930336071	0.5905282779999996	0.0007061400645169494	8.524906999999997	0.03662075631660275	1.6934766599999989	0.0068530305007638735
20	0.431	-1.3634413100000033	0.0004646983794893184	0.6062951550000008	0.0006825623876064364	7.919945640000011	0.036833242431130044	1.667302510000001	0.006700103491730559
20	0.432	-1.3686780099999978	0.0004479767180334235	0.6077605850000003	0.0006727337740703963	8.154458929999999	0.03766158628835357	1.671755749999999	0.006564392724197718
20	0.433	-1.378948500000003	0.00046097152840495403	0.6179048379999998	0.000660575289998044	8.42915304	0.03937315560833804	1.7308707599999975	0.006981774331958889
20	0.434	-1.3837364999999977	0.0004720018538099135	0.6231407969999987	0.0006802472798850427	8.038632330000006	0.03977720840721606	1.7082041900000016	0.006677656800397875
20	0.435	-1.3932594800000013	0.00046821995856648863	0.63051575	0.0006742605842699102	8.167936759999998	0.039965593688851914	1.7287337299999996	0.0070740712172765105
20	0.436	-1.402178249999998	0.00045945711170902796	0.6425151910000004	0.0006412300199764526	7.761189169999983	0.039820753549011344	1.7120268300000006	0.007079952150339718
20	0.437	-1.406970870000002	0.00046030700961423456	0.6448551009999998	0.0006703200898070999	8.042592369999994	0.0426157210555342	1.7572116100000008	0.007029710769861018
20	0.438	-1.4204088799999994	0.0004764163574018021	0.6658227949999997	0.0006475122786287529	7.091423549999999	0.04089698540598684	1.7060941	0.007106156893145547
20	0.439	-1.4339205099999999	0.00045751747496680406	0.6841019970000004	0.0005885416799097578	6.314258799999996	0.03795515163136621	1.65363953	0.006794910203902624
20	0.44	-1.4433476000000016	0.00044683110903337826	0.6939859289999999	0.0005640944725478168	6.017791059999997	0.03834424820590956	1.6201612600000013	0.006577116055871301
20	0.441	-1.4479729399999985	0.0004484207359166181	0.6956207500000003	0.0005742662757815413	6.250887739999999	0.03969686051682677	1.6346251300000003	0.006638774448879852
20	0.442	-1.4580620899999979	0.00044737247557264444	0.7116363490000007	0.0005446310964304189	5.186832829999999	0.037314861464182086	1.564845400000002	0.006530077368607509
20	0.443	-1.4654021599999976	0.0004466214665687269	0.716358465999999	0.000569863763406659	5.364414430000001	0.04065903645778021	1.56059275	0.006709361455272779
20	0.444	-1.4723309300000027	0.000436640853677253	0.7223603660000005	0.0005276703838988895	5.171750559999994	0.037301251417162944	1.5495714800000007	0.006706803084152689
20	0.445	-1.4836574499999995	0.0004278303372833705	0.7362198339999995	0.00048561279682891195	4.557299960000002	0.03533958908643959	1.5193288700000003	0.006618009249245577
20	0.446	-1.4909049600000035	0.0004242093803771945	0.7433956470000007	0.00048459643456282307	4.23811279	0.03397741139221616	1.4829387199999997	0.006444424176107589
20	0.447	-1.50028631	0.0004055964544963346	0.7536785460000008	0.00043978013584517454	3.682436989999999	0.02866046010516754	1.4412761699999979	0.006133044140645001
20	0.448	-1.5074335300000015	0.00041563594538971554	0.7587082100000001	0.00045594988529442683	3.7425765500000026	0.032047558256402306	1.42960095	0.006237219476457439
20	0.449	-1.5128576099999984	0.000405527296121973	0.760054960999999	0.00044760574781720823	4.065962490000003	0.03497931131540329	1.4437658199999996	0.006714161997420077
20	0.45	-1.5204343500000033	0.000419026463961404	0.7680330839999999	0.0004588018841983995	3.6438154500000004	0.033911614237566175	1.400859999999998	0.0061434055539252835
20	0.451	-1.523782939999998	0.0004261229357826188	0.7661519760000003	0.0004881317603106779	4.248696290000004	0.03855886944836298	1.4496409400000019	0.006372430361832134
20	0.452	-1.5324517700000042	0.0004168613283815139	0.7782625059999994	0.0004314445966332165	3.241137729999995	0.03099057323682639	1.3790836599999998	0.0060365064403510756
20	0.453	-1.5377823600000013	0.00041134490442936084	0.7801294509999999	0.00043954481409635575	3.4995803499999965	0.03351763483268919	1.3896372599999978	0.006034352184982247
20	0.454	-1.546365509999999	0.0004121173860685818	0.7885485459999994	0.00041304841832889123	3.114549909999999	0.0299433066258872	1.3498337199999997	0.005883919455736968
20	0.455	-1.5546933799999993	0.0003959391059241301	0.7970366650000006	0.0003876209008490141	2.7059423	0.02873310648207047	1.3001044299999984	0.0057858505921860775
20	0.456	-1.55485918	0.00040316563295995705	0.7898002300000003	0.00044510454850518	3.687934749999999	0.03666982625453112	1.39709972	0.006462588097782501
20	0.457	-1.561512739999998	0.0003982209090442159	0.7971124699999997	0.0004132115258557048	3.1345374999999964	0.03193046278634244	1.3370415400000009	0.00612067949074284
20	0.458	-1.5711637099999967	0.00040160345603592197	0.8075522759999996	0.00038811495439366783	2.685929939999999	0.029679036443193363	1.2828411200000016	0.0058615814543175986
20	0.459	-1.5781410200000008	0.0003831414355039121	0.8154494349999992	0.0003320825436167938	2.034200219999999	0.02052483212480921	1.2207956399999993	0.0055323114328822845
20	0.46	-1.5851497500000018	0.00037676257444178136	0.8220913500000003	0.00030398080120296994	1.6724894199999971	0.015836310803454188	1.1752180700000014	0.005357039123909774
20	0.461	-1.590265119999996	0.0003690289766400457	0.8250667770000009	0.0002939223830724691	1.6457665300000022	0.015706097817698068	1.1640657100000007	0.005213796131025837
20	0.462	-1.5933367100000022	0.0003754579549030734	0.8249528689999991	0.00031866477658975574	1.840730979999999	0.018525326000899414	1.1870510399999994	0.005464956607183632
20	0.463	-1.5991595599999975	0.0003695935692081283	0.8278455099999994	0.00032750720282155734	1.9729615399999978	0.02458058288626207	1.161798860000002	0.005457039334694227
20	0.464	-1.604728959999999	0.0003648820609457223	0.8323726889999997	0.0003061621568368647	1.8172857900000017	0.023017833003475804	1.1418091500000016	0.005196890933769919
20	0.465	-1.6087247600000003	0.0003628720744284423	0.8350342020000019	0.00029514313001660896	1.6499343099999988	0.019363102187508592	1.1427059099999999	0.005277380938675928
20	0.466	-1.6158422300000033	0.0003585090334984641	0.841962564	0.0002623937649869004	1.2510679300000025	0.010877749170444222	1.0958942899999984	0.004968127322835033
20	0.467	-1.6216521699999977	0.00035566274910369745	0.845668228999998	0.0002593410506630225	1.256001100000001	0.013665662954646584	1.0730751300000012	0.004988085202069029
20	0.46799999999999997	-1.6263927800000009	0.0003543016675094845	0.8483964479999996	0.0002571085710278818	1.2341550999999993	0.01435264680781911	1.064198420000001	0.004957975161656217
20	0.469	-1.631254880000003	0.0003480970922027358	0.8516373950000001	0.00024255443301452975	1.1247259800000005	0.010506441873422229	1.0513398799999985	0.004963694288088259
20	0.47	-1.635261839999999	0.00034426881125074454	0.8533400230000006	0.0002451610092796155	1.146985449999999	0.011205954997120954	1.0409756999999997	0.004722464982400609
20	0.471	-1.6398972699999974	0.0003362678204943198	0.8553524630000007	0.0002539802406310379	1.2576021799999988	0.016230584347077588	1.0408180899999993	0.004820769321581357
20	0.472	-1.643877540000004	0.000327404563804476	0.8571717300000007	0.0002463623451341536	1.2621166399999986	0.017134222932785718	1.0339303499999997	0.00474142514203272
20	0.473	-1.649001469999999	0.0003258998912242831	0.8607211610000002	0.0002334643636168053	1.1138763499999997	0.01286494637289639	1.009596052000001	0.004590898112711282
20	0.474	-1.654247729999998	0.00031994334982931406	0.8645985450000002	0.00021491026493632208	0.9575496489999998	0.009015819406787105	0.986460345	0.004434358543687576
20	0.475	-1.65733215	0.00031956983196165486	0.8653987479999989	0.00022402494614662854	1.0604656499999976	0.014020474948356777	0.9923566420000003	0.0045315690865125316
20	0.476	-1.6614465800000038	0.00031207868174548735	0.8676670030000007	0.00021512430125627377	1.0253809649999994	0.012613468336257679	0.9804539719999981	0.00445567038606044
20	0.477	-1.6656765799999949	0.0003069659648886155	0.8704996890000003	0.00020242640212926545	0.9035169820000006	0.010633015138222835	0.9582750029999993	0.004416769907182285
20	0.478	-1.6699082399999972	0.0003075800747772845	0.8730625250000005	0.00020069084028674457	0.8540711640000008	0.009505492664828268	0.9456568379999988	0.004399648993926221
20	0.479	-1.673714750000004	0.00030714741981660587	0.8751256549999998	0.00019995807554334862	0.811127024	0.00854418171093195	0.9358661010000003	0.0044550717925527315
20	0.48	-1.6778333600000013	0.00030529577527375125	0.8774037840000006	0.00019667279767166687	0.7688998890000003	0.007694508952537453	0.9245634220000002	0.004257269349467566
20	0.481	-1.6812895499999962	0.0003058527382581405	0.8791234409999993	0.00019609217862780754	0.7514149039999999	0.007737338588480151	0.912266183	0.004234302432456968
20	0.482	-1.6851924299999999	0.0003029821696073908	0.8812895589999997	0.00019010890173529456	0.7214846770000007	0.007522574633506203	0.9024735500000006	0.004236822788304935
20	0.483	-1.6888095599999988	0.00030480355378505923	0.8828953740000001	0.00019338036643878824	0.7312886740000003	0.008056784988177603	0.9037973269999992	0.0042834497716292864
20	0.484	-1.6927581500000037	0.0002992267994348101	0.8846245060000005	0.00019372969303645812	0.778274357	0.011789420667596478	0.8909143309999998	0.0041534570308887275
20	0.485	-1.6965541399999986	0.00029647337216012575	0.8869636749999982	0.00017969133917637592	0.661620792	0.005985610702237157	0.872596663999998	0.004004975825533033
20	0.486	-1.7001060899999976	0.00029467271997929965	0.8888234180000013	0.0001776754999317591	0.6395085239999995	0.006047841444633283	0.8621719970000005	0.004003496319092976
20	0.487	-1.703572760000002	0.0002907796113897927	0.8905223049999997	0.00017599396005261046	0.6311603939999991	0.006334654354798215	0.8537721499999996	0.003891171804418305
20	0.488	-1.7073493200000025	0.0002892357820187534	0.8927810949999989	0.0001711926282729507	0.578796717000001	0.005154258536871331	0.838863573	0.0038348953412930317
20	0.489	-1.7110381199999998	0.00028496853440336127	0.8948492399999997	0.0001671387698889769	0.5428374260000003	0.004861973374518211	0.8238870079999993	0.003775865637166662
20	0.49	-1.7143622099999984	0.00028451505390752156	0.8964859459999985	0.00016379828779324956	0.5275740000000002	0.004700163169720812	0.816320589000001	0.0037589877892963415
20	0.491	-1.7170976499999997	0.0002831091264865871	0.8974313299999991	0.00016680703552308734	0.5593177320000008	0.006245040644397439	0.8170144659999998	0.003875165746757678
20	0.492	-1.7206790700000008	0.00027950605556946597	0.8996883400000004	0.00015709695223014206	0.4859295979999998	0.00437594528283844	0.7961932540000006	0.00370440468165723
20	0.493	-1.723767280000004	0.000277605838555316	0.9009719739999998	0.00015762255969245032	0.48742909200000034	0.004511155906808808	0.7920750560000008	0.003649122046309769
20	0.494	-1.7268941199999972	0.000276696269580927	0.9024522400000005	0.00015728861497260377	0.4721633390000007	0.004443482584649005	0.7834322499999988	0.003657242384023789
20	0.495	-1.730290569999998	0.0002728394676361926	0.9041818309999995	0.0001511813958098025	0.44459699800000063	0.004041894057492848	0.7695796289999997	0.003585494294704568
20	0.496	-1.7335490599999979	0.0002704760921042786	0.9057817729999988	0.0001488642383885402	0.4240318149999994	0.0038489611386418295	0.7584120629999994	0.003525620698406311
20	0.497	-1.7361456200000005	0.0002712604202606811	0.9065474610000009	0.0001591249712615851	0.47161802499999983	0.006867006688243065	0.760224476	0.003625232402953499
20	0.498	-1.739208490000004	0.00026876015311053705	0.9080926019999996	0.00015105599490255437	0.4445277899999999	0.006033861072804046	0.7499690499999995	0.0035432716417881376
20	0.499	-1.7427017499999964	0.0002676539510263168	0.9101002539999999	0.00014352098621456036	0.3866596349999999	0.0036348810329603636	0.7335601160000004	0.003413652077547448
30	0.35	-0.8806795169999997	0.00021084604741611692	0.10584622299999999	0.00025792374700868485	1.9710978300000004	0.010266824757007399	0.4817233270000004	0.0021348983118806854
30	0.351	-0.8835551929999995	0.00020474105536262313	0.10575917200000003	0.00025553766535679236	2.006000939999999	0.010677870766983462	0.4848684659999995	0.0021720317637741854
30	0.352	-0.8875007790000009	0.00020348347883550612	0.10736674900000008	0.0002514755256461352	2.046943720000002	0.01058512694121332	0.48637624700000015	0.002114188986820005
30	0.353	-0.891746243000001	0.00020494225028285532	0.10924399199999985	0.00025654668568508143	2.0885034299999994	0.010439636503973691	0.4927527889999999	0.0022922961602897213
30	0.354	-0.8959435930000008	0.0002167020012621007	0.11050475	0.0002651533358266498	2.1573834800000022	0.011338789595437425	0.5085809440000002	0.002321723781775946
30	0.355	-0.8994788279999991	0.00021137579430010613	0.10948922600000004	0.00026082412642238455	2.157081190000003	0.011142338474660514	0.5049984760000001	0.002226594240858445
30	0.356	-0.9033208920000008	0.00022134940780584925	0.11256215500000014	0.00026031993195873426	2.2680946199999954	0.011720666459532073	0.5068743930000003	0.0022963145656793187
30	0.357	-0.9075341859999984	0.00021056400785509404	0.11139499799999997	0.0002629514099524853	2.2092532499999997	0.01153998037855784	0.5193101730000002	0.002398682733725115
30	0.358	-0.9121422120000003	0.00021900029921440706	0.11575416000000008	0.00027793002068866174	2.348350109999995	0.011874464218982679	0.5226837929999997	0.0022981671466956012
30	0.359	-0.9157628069999996	0.0002108546981952266	0.11611785599999995	0.000285171336680249	2.49463098	0.012990508067031097	0.5356938760000005	0.0023383704887429604
30	0.36	-0.9199324560000001	0.0002180612209082561	0.11758148900000005	0.00027512961650647504	2.5175394700000036	0.012813457605935245	0.5381744740000005	0.0024643677918127407
30	0.361	-0.9240195680000008	0.00021419223463048373	0.11712307600000012	0.00027632899635036506	2.4454365999999985	0.012091794806396617	0.5426658350000005	0.002419518752102368
30	0.362	-0.9289019760000001	0.00021442568275279069	0.12106952299999983	0.0002863496315188828	2.6034438700000004	0.013067977392201908	0.5501691839999994	0.0024333271144965285
30	0.363	-0.9322682749999996	0.00021933839922594467	0.12167964700000014	0.0002799608765363473	2.6437986399999986	0.013442190333067002	0.5544607500000002	0.002466698544917882
30	0.364	-0.9371404909999989	0.000217943217189707	0.12185267600000009	0.0002810843557083887	2.7053543499999972	0.013980051830286609	0.561591801	0.0025075856051985537
30	0.365	-0.9414374050000013	0.00021821072607688233	0.125802476	0.0002745530175102794	2.8842994799999997	0.013484913767970489	0.5663190060000001	0.002539431288687292
30	0.366	-0.9452676050000005	0.00020797252937587748	0.12468937699999992	0.00029100827972928893	2.84032634	0.014254927527153554	0.5674540720000008	0.00254217706795101
30	0.367	-0.950017308	0.00021839801999102575	0.12729809799999997	0.0002944498062420827	2.8505787099999993	0.013808386713729451	0.5772962100000006	0.0025817533634915645
30	0.368	-0.9541638879999996	0.00021672178352902163	0.12943876600000023	0.00030559039455454063	3.0266894400000015	0.014617810044134521	0.5930196170000004	0.002697121450419132
30	0.369	-0.9567264230000003	0.00021650602779368466	0.12779459000000004	0.0002960725990361147	2.9634735099999947	0.01538017480979654	0.583964532999999	0.002501389045892502
30	0.37	-0.9621706379999996	0.00022341265621266858	0.13221339099999999	0.00031003778821137273	3.2146129499999962	0.015374815530519387	0.5982384430000006	0.002621764338141588
30	0.371	-0.9659245590000008	0.00021801701887467478	0.13116402400000007	0.00030122253804122927	3.086608330000002	0.014825257289878649	0.597512312	0.002620353329735517
30	0.372	-0.969837970999999	0.00021927642408384925	0.13136955600000003	0.00031188359184798435	3.227658899999997	0.016234370458690413	0.6139899599999998	0.002742550453209566
30	0.373	-0.9752488530000004	0.00023280620994938932	0.13747633899999984	0.0003190120594570056	3.383857510000005	0.016436241805835663	0.6316835040000002	0.002819204114636611
30	0.374	-0.9798933709999997	0.00021880541894340804	0.1404641629999999	0.0003229401468244544	3.5231585399999994	0.01620924791186809	0.6331808089999996	0.0028122994016496526
30	0.375	-0.983775546	0.00022398307945914028	0.13904605199999975	0.0003156073783928384	3.5488009299999983	0.017820389794701456	0.6339653419999999	0.0028690026042225893
30	0.376	-0.9879368970000019	0.00022598458883516835	0.1388289359999997	0.00033261892896225827	3.6189588600000047	0.017480755907580203	0.6389646389999996	0.0029197622257093134
30	0.377	-0.9937766059999998	0.00021998415116548768	0.14570798599999987	0.00035424516341652456	3.90869354	0.020164916733485416	0.6502788759999998	0.0029231251400896273
30	0.378	-0.9974532590000009	0.00023640894212994664	0.14612769600000008	0.0003323754136274221	3.9292959199999986	0.01836144606379356	0.6583912039999998	0.002954114701291064
30	0.379	-1.0029213300000037	0.00022534269701945023	0.15060300099999985	0.00035461146202428375	4.044701110000003	0.01873741362269349	0.665750505	0.0030448466046707505
30	0.38	-1.0072992599999977	0.00023063445622889092	0.15245514099999993	0.00035363897567858673	4.2749614000000005	0.02026046439842878	0.6659247740000003	0.00305043696786608
30	0.381	-1.0127011999999982	0.00022779104460008453	0.15623653599999984	0.0003689563100205768	4.381876110000002	0.02108270983929485	0.6800617640000007	0.0030149773528675133
30	0.382	-1.0147804799999995	0.00022394814042541123	0.1505129769999999	0.00033578513438060377	4.065772449999995	0.01892228903429761	0.6813262250000001	0.0031092901740389237
30	0.383	-1.022053229999998	0.00023153804676553555	0.1566904270000001	0.0003683223977319325	4.640569600000005	0.023044473303592782	0.701865641000001	0.0031203701553051354
30	0.384	-1.0256941800000006	0.00023575819731241478	0.15520469100000006	0.0003710007567633793	4.6698319	0.023592390344982023	0.7128546449999994	0.003300547462918086
30	0.385	-1.0326079300000017	0.00022447586752254498	0.1679490809999999	0.0003874294599523891	4.976037349999998	0.02371961966131625	0.7220251699999995	0.003321778160729581
30	0.386	-1.0366580099999978	0.00024199367739674194	0.1694007310000001	0.0003805800029415628	5.097054650000001	0.02266814406777714	0.7259590010000002	0.0032636949322813556
30	0.387	-1.039874170000001	0.0002379140834419035	0.16500371899999988	0.00038945258252963226	5.123983139999996	0.025175268636906334	0.7554591910000008	0.003473457555019061
30	0.388	-1.0452734299999984	0.00022930097056053007	0.17206219800000008	0.0003959769927609432	5.44904996	0.024202306695817247	0.7523681249999993	0.003444972942618708
30	0.389	-1.0498540600000021	0.0002211106428917451	0.1734265300000001	0.00038948646074029355	5.366195000000002	0.024962118648063508	0.7638820000000002	0.003541676014262173
30	0.39	-1.0561167200000006	0.00024175078407318655	0.17784394099999995	0.00040825709977782416	5.860594730000002	0.02717034608037041	0.7840002530000003	0.0035472159724199213
30	0.391	-1.0588017899999982	0.00023076328975814127	0.1759263050000001	0.00040174207643088594	5.662689060000002	0.02570646841393037	0.7650503389999999	0.003567248422535077
30	0.392	-1.0666687299999986	0.00023570805480509175	0.1889081190000003	0.0004191665239961323	6.245377229999996	0.02772090939754863	0.792665544	0.0035598582511195557
30	0.393	-1.072002090000002	0.00024185808214736065	0.1874479419999997	0.0004243603947542701	6.457373429999996	0.031044905642232185	0.8252515720000015	0.0038871567813526637
30	0.394	-1.0754486999999986	0.0002510285043575715	0.18862500599999998	0.0004282582865094385	6.386073290000001	0.028351423101422975	0.820873489000001	0.003596593995418305
30	0.395	-1.0817917900000014	0.00024227855022680153	0.19643731799999978	0.00044887312558895706	7.1254236500000045	0.03161548255803634	0.8303688639999991	0.003699333310139003
30	0.396	-1.0881140500000008	0.0002473408528731178	0.202656475	0.00044918790430620396	7.293684740000002	0.032428560518968454	0.8594986710000012	0.003983465507414241
30	0.397	-1.092147959999996	0.0002428971765994811	0.2055758859999999	0.0004635177979366059	7.466976660000001	0.03252659656411043	0.8686444789999996	0.004063078934448481
30	0.398	-1.0995575899999972	0.00024341465013429287	0.2098928799999999	0.0004840485446729489	7.509987090000002	0.03215431178911936	0.8721278149999988	0.0041760900079829445
30	0.399	-1.1037599700000011	0.0002525242544786535	0.21586017700000015	0.00046681294291289744	7.824488360000005	0.03296167240766766	0.885739309	0.004092235720668961
30	0.4	-1.1071923299999993	0.0002488358316239874	0.2052172689999999	0.0004621673772985283	7.502269069999992	0.031210990350117075	0.88555924	0.00395358830234004
30	0.401	-1.1149881399999997	0.00024730091063317487	0.22551138199999984	0.0004899015228349468	8.42025091999999	0.034386893720625616	0.9358092590000008	0.004284766216250193
30	0.402	-1.1204862600000027	0.00025873656950651554	0.22575912000000004	0.0004960635943102454	8.903058920000008	0.0374764556866521	0.9251225010000004	0.004179351831803468
30	0.403	-1.1248620099999993	0.0002637177656131612	0.2307193079999997	0.0004950098414536827	9.204275499999994	0.03702204435400617	0.9614081769999994	0.004314310378226282
30	0.404	-1.1298193299999983	0.00026455670677569406	0.22660227199999983	0.000495064347348908	9.106912700000011	0.0396845963354801	0.969815016	0.004580416204859992
30	0.405	-1.1367699100000006	0.0002611124123820994	0.24052310100000004	0.0005422463690971109	9.6288293	0.03863802143886254	0.9789249310000004	0.004567735129387322
30	0.40599999999999997	-1.1437507500000013	0.0002607813979178716	0.2515525210000001	0.0005285391561265821	10.33745450000001	0.03868038649949093	1.008983253000001	0.004851271239478472
30	0.407	-1.1514260900000017	0.0002660932391099034	0.26416899800000027	0.0005241866728523343	10.3427111	0.03747707334878218	1.0283380699999995	0.004960958614532073
30	0.408	-1.154810369999998	0.0002746542610264779	0.2563150650000003	0.0005505736288408662	10.868119799999997	0.04100845629818319	1.0509423699999987	0.004949753961875278
30	0.409	-1.1620891999999994	0.00027396926834957525	0.26711808600000003	0.0005681636794128963	11.89498090000001	0.04295432091408268	1.0918932300000002	0.005206311349420048
30	0.41	-1.1658456000000008	0.00027528210984370364	0.26725883399999995	0.0005705754748006611	11.781046500000002	0.04294595985363463	1.0944188400000017	0.005193264970555613
30	0.411	-1.176598499999999	0.0002793072680758584	0.28720850099999956	0.0006064957213361028	12.483817400000001	0.04487813094637522	1.11351884	0.005126675360738185
30	0.412	-1.1806315199999988	0.0002839498011973246	0.2851186329999998	0.0005847813679581453	12.719964700000002	0.04566105412613686	1.1545918700000015	0.005288744047796225
30	0.413	-1.1862029899999977	0.0002852531505522739	0.287788234	0.0005844066950711643	12.940563900000008	0.04595274057975215	1.1696788100000017	0.005382512413724655
30	0.414	-1.1930950000000005	0.00029747941105226223	0.2959810830000001	0.0006215849452094222	13.645209999999983	0.04811715120411849	1.2076867700000007	0.005734875959172964
30	0.415	-1.2042012799999997	0.0002961005937177404	0.3234812369999997	0.0006149326799178914	14.118619900000008	0.04619068514311083	1.2618667499999998	0.005876187551252937
30	0.416	-1.211783579999999	0.000297212690846136	0.3329788179999998	0.0006230012157901463	14.144109299999993	0.04693564299666086	1.28307564	0.005787540806802143
30	0.417	-1.216392929999998	0.0003030308814295952	0.33776512499999994	0.0006190498601687914	14.703933899999994	0.04746223425830269	1.3138758400000001	0.006199407398647066
30	0.418	-1.2250870399999993	0.00029716904011017203	0.3425766329999998	0.0006872907843926031	15.903167200000006	0.04962205804035133	1.3567013999999997	0.006194905991215685
30	0.419	-1.2342892	0.0003078541212977304	0.3633366839999996	0.0006718365040275791	15.74880739999999	0.050696095562084424	1.3902372300000003	0.0062456538830694104
30	0.42	-1.2393273000000007	0.0003068952752976133	0.36387271599999993	0.0006880167798418868	17.249394300000002	0.051711958554187476	1.4736206800000002	0.006613164003531139
30	0.421	-1.246373759999997	0.00029704690269382857	0.3735652099999996	0.0006478740756505076	16.302288999999995	0.051811504697315984	1.4341067900000002	0.006520195978335314
30	0.422	-1.25399053	0.000315514847669647	0.3833108440000002	0.0006798403207106805	17.361385399999985	0.05275654070198313	1.5291440900000002	0.006668567430258167
30	0.423	-1.2658146400000003	0.00031866764881298876	0.40355413399999945	0.0006800352020623642	18.251853499999996	0.05496596390267344	1.6055509999999986	0.006825580385578939
30	0.424	-1.2700648600000009	0.0003197267276910111	0.40723959199999976	0.0007243870067415619	17.985407699999993	0.05438859798441219	1.570312109999999	0.006976777425710239
30	0.425	-1.282388580000003	0.00032809782626528044	0.4284859599999999	0.0006877278970639472	18.2592209	0.057255578882673026	1.6253786699999992	0.007169372394505674
30	0.426	-1.2938133499999995	0.00032034118920301374	0.44921970000000006	0.0006998293163336337	18.330246099999997	0.06041457295048936	1.6404940800000012	0.0072675284487644124
30	0.427	-1.3013365899999993	0.0003147466789340265	0.46392500199999953	0.0006534849638637448	17.600307400000013	0.05983404403213943	1.648221659999998	0.006983680594385747
30	0.428	-1.3165763000000013	0.0003281553138378213	0.4934932079999995	0.000701812062261686	18.071667500000007	0.06687186922578137	1.7704356399999999	0.007532738956740769
30	0.429	-1.3142430800000038	0.0003354452467989371	0.4696434989999999	0.0006907999826281119	19.42448899999999	0.059484121738494204	1.7791295900000035	0.007690385148475987
30	0.43	-1.3306546300000015	0.0003497714440888529	0.5080172159999999	0.0007173513778783729	17.976779999999994	0.06778373684004152	1.826935270000001	0.007799502761529097
30	0.431	-1.3341279800000003	0.00032535414489445107	0.5006914150000001	0.0006965127599513157	18.916839399999976	0.06441483887769957	1.7708308499999967	0.007373419340950302
30	0.432	-1.349827620000001	0.0003312517707122487	0.5313217190000002	0.0006852606424120686	18.38819110000001	0.07152972732221204	1.8438924799999976	0.007599757038853284
30	0.433	-1.3600939900000026	0.0003399190784583867	0.552752895999999	0.0006522846749571839	16.688474099999993	0.07301974718656593	1.7860679599999987	0.007560110107557959
30	0.434	-1.3615623600000022	0.0003462418669080916	0.5359639819999992	0.0007163244290654877	19.6356994	0.07366651219950622	1.9044857100000014	0.007686833437502074
30	0.435	-1.3817836400000005	0.000329032749737771	0.5868130050000006	0.0006262372305883764	15.538132200000009	0.07497639430620816	1.819607570000001	0.007435604534609138
30	0.436	-1.3902133100000005	0.00034028421047706633	0.5982944229999998	0.0006294393331140032	15.114185000000006	0.0777623852193334	1.8419079699999978	0.007639353086426889
30	0.437	-1.4042446399999984	0.00033264466086201224	0.6177375299999999	0.0005953625644092848	14.674252799999996	0.07747749371372308	1.841723769999999	0.00736170316483217
30	0.438	-1.4121989800000019	0.0003259330599985196	0.634851399	0.0005470825621412185	12.439315100000016	0.07175475386335042	1.7768641600000012	0.00756926427695585
30	0.439	-1.416637729999999	0.0003371930412983049	0.6318919290000009	0.0006263423169154388	14.189523199999993	0.082100074188517	1.8558645199999995	0.007538369065626862
30	0.44	-1.4258836500000014	0.00032874333073083263	0.6414853220000001	0.0006114602769730844	14.195722600000009	0.0827933157280224	1.8362608899999975	0.007908791937325195
30	0.441	-1.4434050299999992	0.00031989935776741314	0.6753491699999998	0.0005356776279629379	10.863071300000003	0.07678738129608277	1.7148560899999998	0.0073764696306498805
30	0.442	-1.4419654199999994	0.00033427447344958825	0.6570410499999996	0.0005850420117393274	14.040618600000014	0.08385540921157085	1.8691792799999984	0.007940631138744575
30	0.443	-1.4574856700000005	0.000315573685690044	0.6920887020000005	0.000483216840761993	9.396373599999993	0.06803507353299475	1.6982285599999976	0.007428035374606126
30	0.444	-1.4633659799999978	0.0003230647606904856	0.6961623239999989	0.00048605632700747655	9.748919209999997	0.07145725572029685	1.7387643899999998	0.007649918877210399
30	0.445	-1.4704611600000028	0.00030770546696475915	0.705496331000001	0.0004385067176669018	8.329257290000006	0.058773627507206834	1.7129239499999989	0.007453001844726726
30	0.446	-1.4792323800000016	0.0003070748045672258	0.710538785	0.00047685635234837883	9.816189920000005	0.07773962176132324	1.6939203699999998	0.007475321810002561
30	0.447	-1.4857461400000036	0.0003216020839484691	0.7136221300000003	0.0005145934716842012	10.634972499999998	0.08332135868881398	1.7617450399999983	0.00764411871953857
30	0.448	-1.5020037400000026	0.00028496809014344097	0.7461580289999995	0.0003966361533685511	6.1487977900000015	0.06333347369295245	1.5461048400000008	0.006871466304537918
30	0.449	-1.508583409999996	0.00028986319514557083	0.7509059500000004	0.0003932651516470784	5.9231905700000045	0.056195710300476674	1.5212621300000022	0.006791686930586538
30	0.45	-1.5107723199999972	0.00029623203337924203	0.7460140100000002	0.00041942448891308314	7.267075390000008	0.06685181464588602	1.6059929199999998	0.007114976378991008
30	0.451	-1.5231322900000044	0.00027385772930483464	0.7659342249999992	0.0003314861118885664	4.697519740000003	0.04656020887552375	1.4507395900000037	0.006630990147172589
30	0.452	-1.5250794399999963	0.00028930932650020016	0.7557625639999987	0.00045636923198655744	8.102266789999996	0.0873768914049699	1.580483169999999	0.007485504181489712
30	0.453	-1.5350550000000036	0.00027637836384203444	0.7737435629999998	0.0003413232046477365	4.729711780000001	0.05128899776786049	1.4427346399999996	0.006429089987735433
30	0.454	-1.5417792799999985	0.0002729675467889908	0.7780120099999993	0.0003442759356969349	5.059498469999994	0.05452045093136244	1.432436820000002	0.006281837174553313
30	0.455	-1.5497205400000023	0.000268736875772567	0.7872777179999991	0.0003087365940020715	4.126023969999999	0.04798482161828989	1.3767633500000014	0.0060918747588488715
30	0.456	-1.5556386599999972	0.00027112839098847617	0.7923290080000005	0.0003069293468145403	3.705343450000003	0.04243837543777448	1.3453684400000008	0.005961864571289757
30	0.457	-1.5634414100000036	0.0002692506488385865	0.8006384090000007	0.00027081488828903106	2.999772049999999	0.027190230567200047	1.313537860000001	0.006198004712841062
30	0.458	-1.5701284400000046	0.00026916382817904547	0.8057943679999989	0.0002895148883494598	3.215851899999997	0.0443789050179249	1.28674812	0.005968108851688281
30	0.459	-1.5731210599999994	0.0002751132065168807	0.8050536149999997	0.0002996392210225499	3.4544005199999988	0.038911557259117754	1.3216691699999998	0.006158047775967639
30	0.46	-1.5808918200000017	0.00026311535036937584	0.8139740950000005	0.00025397826673753156	2.6335427599999983	0.029766073939678377	1.2607462399999996	0.0056419368360874095
30	0.461	-1.5856490900000035	0.00026621170503943143	0.8154528780000007	0.000274604834473104	3.246123760000003	0.04354460633031834	1.2894760099999993	0.005820912212007666
30	0.462	-1.5925148399999969	0.00026520100753956225	0.8220362299999989	0.00026270354603621156	2.6466465999999977	0.038657993311086394	1.2175496699999997	0.005605939046324
30	0.463	-1.6003962900000024	0.0002512033755744527	0.8307564100000004	0.00020774371687249757	1.7567133900000003	0.017952798177663	1.1371879000000018	0.0050751865374585
30	0.464	-1.6046032299999988	0.0002482359101741717	0.8329496680000006	0.00020258057600865836	1.654801949999997	0.014196611049736487	1.1328698000000021	0.005141182369844511
30	0.465	-1.609441329999997	0.0002479893769902245	0.8351511629999988	0.000208559891712189	1.7942502499999993	0.01775400966084845	1.1374132600000013	0.005346934165706551
30	0.466	-1.6157893300000035	0.00024561484299610403	0.8407487039999999	0.00019244000723342235	1.486466559999998	0.013576820502842337	1.0983578800000013	0.005113927581184543
30	0.467	-1.6210168499999975	0.0002414617516295264	0.8444527389999992	0.0001795954255514335	1.3359244099999994	0.010771188989703038	1.076635590000001	0.004696903921936238
30	0.46799999999999997	-1.6249565100000005	0.0002392862718586286	0.8457588039999997	0.00018624013956180233	1.463652899999999	0.014266128437316132	1.0846913099999993	0.004803644468931896
30	0.469	-1.6295553400000016	0.00024368398470149823	0.8481952789999998	0.0001981457674516416	1.5672022300000008	0.01944018397359192	1.0839457499999994	0.004894102965559671
30	0.47	-1.6346316399999965	0.00024157713136801912	0.8515863079999997	0.00019565361518765717	1.5208206599999983	0.024908720086837057	1.07028213	0.005045349082382704
30	0.471	-1.6401852499999998	0.00023525419762461137	0.8561562539999997	0.00016545492281585318	1.1683082599999999	0.011352282949803536	1.031297159999999	0.004731343037066747
30	0.472	-1.644635910000002	0.0002381150392142396	0.8585565229999993	0.0001686443164503353	1.1479888100000017	0.010331013507100842	1.0262246299999986	0.004678133138667605
30	0.473	-1.6489047199999958	0.0002350534441355825	0.8612869040000006	0.00016040364330027073	1.0513910700000002	0.009035637396171893	1.0042508050000003	0.004584027938721034
30	0.474	-1.653390199999997	0.00023284020271422255	0.8637682680000012	0.00016078361911587975	1.0490546100000004	0.009823922284296634	0.994057938000002	0.004635693555246723
30	0.475	-1.657585949999999	0.00022908578633341637	0.866168925000001	0.00015562827948351917	1.0435696800000003	0.010440653710261634	0.9888978139999989	0.004576770996390795
30	0.476	-1.6615771800000034	0.00022807377666009504	0.868526946000001	0.0001519917533420811	0.9446157550000002	0.008207078697135481	0.9729198330000003	0.004472745267854073
30	0.477	-1.665785269999998	0.00022826591313641475	0.8707554960000004	0.00015344564504735827	0.9251888029999991	0.008863386957150807	0.9613827839999999	0.004414675508725869
30	0.478	-1.6697248199999983	0.0002277576949303831	0.8729079470000012	0.00015064350696595072	0.8842709610000008	0.007793141102115309	0.950431194999999	0.004423812975361301
30	0.479	-1.6743066900000037	0.00022559686145866064	0.8759446779999999	0.0001423671883405722	0.786287327	0.006146174109482339	0.9308321759999999	0.004326527868282371
30	0.48	-1.6780254700000024	0.00022473935814627368	0.8775070920000007	0.00014684727963432085	0.8348384669999991	0.009251474037195968	0.9277021279999985	0.004216050951259483
30	0.481	-1.682073199999997	0.0002202425027100809	0.8799704689999995	0.0001368494246937112	0.738839527	0.005729645116171771	0.9102494650000006	0.004061414991696244
30	0.482	-1.6862106400000005	0.0002167749764156333	0.8824535499999985	0.00012841254416917492	0.6900746839999996	0.0050252032114277735	0.8965540080000005	0.003975515825894295
30	0.483	-1.6901249400000022	0.00021432591163926038	0.8846268549999989	0.00012382453704738806	0.6504926259999997	0.0047129577541204426	0.8841447769999999	0.0039049434519940252
30	0.484	-1.6936466600000066	0.00021474693106072784	0.8861127529999999	0.0001277077209529646	0.6728958740000004	0.005960893203214096	0.8788848050000009	0.003952918639812235
30	0.485	-1.697198899999997	0.0002144215241061443	0.8880202410000011	0.00012520267936030945	0.6491077870000005	0.006862250285848731	0.8681364259999999	0.00388969124822575
30	0.486	-1.7007999899999988	0.0002124784692621798	0.8900618040000001	0.00012074274133048457	0.5776188189999996	0.004084023421117833	0.8537933940000008	0.003803356217443219
30	0.487	-1.7042632900000032	0.00021508109145157068	0.891682557	0.00012119468945048613	0.5638646010000001	0.004003884493813351	0.8442147319999995	0.003774375086577378
30	0.488	-1.707866460000005	0.0002131761440687002	0.8934582429999992	0.00011803996759996052	0.5382077840000001	0.0035113207229394467	0.8320426140000008	0.0036526348833416152
30	0.489	-1.7110035399999965	0.0002120826923631456	0.8947542909999994	0.00012036883450046359	0.5605069309999989	0.00502257573325072	0.8305599589999983	0.0036994084001795474
30	0.49	-1.7145612599999984	0.0002073866254125355	0.8966902149999992	0.00011541043616155348	0.5214503440000001	0.003855138161164136	0.8187918990000005	0.0036108273643029524
30	0.491	-1.7177768500000004	0.00020669247083529295	0.8983167270000011	0.00011318158185411515	0.49673118099999986	0.003638502089079928	0.8059663569999993	0.003555811680833364
30	0.492	-1.7211385600000026	0.00020423399912845142	0.8998197609999999	0.00011331183468199736	0.5010577770000001	0.004286127389995661	0.7972909930000001	0.003557405509209065
30	0.493	-1.7242636400000035	0.00020253283783129767	0.9011910900000001	0.00011164066418648878	0.4955709889999995	0.004280634399581329	0.7916745340000002	0.0035280919728436777
30	0.494	-1.727542759999998	0.00020081081245789745	0.9028750870000006	0.00010835203473401224	0.464541962	0.003803093804332993	0.7795340859999998	0.003468858834920211
30	0.495	-1.7305264399999982	0.00019727677612937263	0.9042195890000004	0.00010550951653286941	0.45379936600000026	0.0036125502067160253	0.7715264050000011	0.003418976105353035
30	0.496	-1.73361514	0.00019632773721509682	0.9057049240000009	0.00010320817905573158	0.433386713	0.0031330302738133576	0.7624072569999997	0.0033657181282678735
30	0.497	-1.7369680200000017	0.0001946439816690933	0.9074561139999996	9.944405967175608e-05	0.4028779470000001	0.0025335317444608817	0.7497748079999995	0.003323539899134053
30	0.498	-1.7396608200000034	0.00019356892209236527	0.9085422150000014	0.00010009909477612654	0.4013864899999997	0.0026642803073062713	0.7460238970000002	0.003315495451420647
30	0.499	-1.7428639799999948	0.00019239688043209085	0.9101613460000011	9.747468534958223e-05	0.37903183199999996	0.002396756411856657	0.7351984099999995	0.0032626041132659653
40	0.43	-1.3218462900000012	0.00025978170817053637	-0.08663553649999998	0.0015279502274543335	163.28434099999998	0.42882025922173955	1.8430165900000006	0.007924575021532699
40	0.36	-0.9204117469999993	0.00015942367136344572	0.003206150620000001	0.00033608873037520255	6.876475400000007	0.030374498847553003	0.5349371360000003	0.0023627189615999617
