10	0.35	0.7356307365532172	0.027683379261350012
10	0.351	0.7404498586507794	0.03047736728710706
10	0.352	0.7349203506819073	0.025559561029834126
10	0.353	0.7254349469379919	0.026622929078422078
10	0.354	0.7229179834972762	0.025177440826871168
10	0.355	0.7150929394614797	0.02747749904888041
10	0.356	0.7175916940497955	0.024509931899513848
10	0.357	0.6957165724376652	0.02518735391847573
10	0.358	0.7048618684488466	0.025699011946875353
10	0.359	0.6893469819008615	0.029458576528314122
10	0.36	0.6832652143378604	0.023580345702483005
10	0.361	0.6768199403278186	0.022441609495617666
10	0.362	0.6964823123287552	0.027677686751614274
10	0.363	0.6824619239693376	0.025251540567358025
10	0.364	0.6754573098434117	0.025066597552505683
10	0.365	0.6771079583535986	0.02584275967460571
10	0.366	0.6752437810258107	0.02690404711525401
10	0.367	0.6559735309901711	0.024506646341660155
10	0.368	0.6597210537316746	0.0244617011123734
10	0.369	0.6511747954030972	0.02417492456802658
10	0.37	0.6517161676159738	0.023491186109934864
10	0.371	0.6360144046904547	0.024111719056582773
10	0.372	0.6364852132002556	0.021862737480453164
10	0.373	0.6354958141560887	0.021688457325508042
10	0.374	0.6314389884153491	0.022481799193620942
10	0.375	0.6252400300988593	0.022956112883750046
10	0.376	0.6165378101047821	0.02286835713170876
10	0.377	0.6124511478512084	0.022576113051533998
10	0.378	0.6042796885868612	0.019789664755611853
10	0.379	0.5955462447635657	0.019436273627848416
10	0.38	0.6007268569004763	0.020114369185198072
10	0.381	0.5997385946646387	0.024760367017782045
10	0.382	0.5925660901221583	0.020126655855496348
10	0.383	0.5877772119465643	0.020419619797883978
10	0.384	0.5788892572127913	0.020723034838465743
10	0.385	0.5767690797555296	0.01994956557368344
10	0.386	0.5724354505186391	0.020859000921576998
10	0.387	0.5624334730303504	0.019418276612585703
10	0.388	0.5509992876040094	0.01780941768372336
10	0.389	0.5638415063574084	0.01880494932454577
10	0.39	0.5567722217858806	0.01721615641917184
10	0.391	0.5534488149391219	0.020254356083621874
10	0.392	0.5471361657852978	0.01878384291585629
10	0.393	0.5347365210526814	0.018519529358155866
10	0.394	0.5368602336103088	0.017163391653941606
10	0.395	0.5346727195655717	0.016877218295347624
10	0.396	0.5305835625058728	0.01641470464196044
10	0.397	0.5249704408726712	0.01702579906247
10	0.398	0.5192732440630277	0.01563590750055615
10	0.399	0.512567519305749	0.014374110851782838
10	0.4	0.515640787405936	0.01520019037601836
10	0.401	0.5166240763105978	0.017101506837041064
10	0.402	0.5110177051720393	0.01538710043987368
10	0.403	0.5007345853677163	0.014475417633510209
10	0.404	0.4988538615556649	0.01590505637631025
10	0.405	0.48648935488566064	0.015329795103057976
10	0.40599999999999997	0.48358428840854	0.012804069464455472
10	0.407	0.4840521005116986	0.013938893237408828
10	0.408	0.4783681453738913	0.012793072109242274
10	0.409	0.47519860617952514	0.015613530931160509
10	0.41	0.4691069782114614	0.013308545988660131
10	0.411	0.4690089059997801	0.013420354382164459
10	0.412	0.46094642449219736	0.012042630327623711
10	0.413	0.4612091380732786	0.012660881807631683
10	0.414	0.4588645768314781	0.013019852391882006
10	0.415	0.4551146434441281	0.011304687629182263
10	0.416	0.4483182551650088	0.011141694478370016
10	0.417	0.44755244045539794	0.01112697673691056
10	0.418	0.4422965807085083	0.01137487448795287
10	0.419	0.4386649389270197	0.010598382002558322
10	0.42	0.4341668610451996	0.010270769481709012
10	0.421	0.43481494390216946	0.00996218094563154
10	0.422	0.43172974032567746	0.011606339686568563
10	0.423	0.4293416086346272	0.010166302767025247
10	0.424	0.42523683904989973	0.010421166145584766
10	0.425	0.4217500846567696	0.010183554741641626
10	0.426	0.41801844668868554	0.009831097724010645
10	0.427	0.41675023265175043	0.009573798484697988
10	0.428	0.414566234487452	0.00917016108096078
10	0.429	0.40966748371860157	0.008489261087901248
10	0.43	0.4066934489495209	0.007922943930297972
10	0.431	0.4067842760146765	0.00823751182947329
10	0.432	0.404449479679807	0.008746989613041548
10	0.433	0.4017398734904293	0.009801246096472368
10	0.434	0.39814792126354964	0.008441908323728533
10	0.435	0.3979952293181564	0.008199668763218147
10	0.436	0.395174447146165	0.008333855139295344
10	0.437	0.3925639152126172	0.00792604378265161
10	0.438	0.38992236942959074	0.007398746460213528
10	0.439	0.3897697921400047	0.008160892707391293
10	0.44	0.3878376244962903	0.007525835383345209
10	0.441	0.38557282526761716	0.007109967889336187
10	0.442	0.3844481058720649	0.007637568466718194
10	0.443	0.3823900021705292	0.007119831613808202
10	0.444	0.3809930193334786	0.007364733830724013
10	0.445	0.3801508153212261	0.006866712324866569
10	0.446	0.37887092453628507	0.00604416561140437
10	0.447	0.37818128174477494	0.0064129512819983605
10	0.448	0.37583884334030204	0.006081709358948558
10	0.449	0.37290491068600223	0.005238776065496357
10	0.45	0.37340516934890927	0.005530930681142571
10	0.451	0.3715499183884348	0.005495545492964031
10	0.452	0.36904522567050047	0.0044474107724787075
10	0.453	0.3678957533295965	0.004773691820014859
10	0.454	0.3675092549178552	0.004738518535171233
10	0.455	0.36632021317418306	0.004716333701598586
10	0.456	0.3648890330514761	0.004679994547761667
10	0.457	0.36330948824747705	0.004455707830735814
10	0.458	0.36217118631159917	0.0042516356717632675
10	0.459	0.3622853516438621	0.00505446607249386
10	0.46	0.36075055110771725	0.0038737360005259005
10	0.461	0.36056449550026465	0.004145203942456744
10	0.462	0.3604597963651131	0.004717581216646317
10	0.463	0.35885779409320867	0.004182665984962471
10	0.464	0.357889087979915	0.0039045397937649984
10	0.465	0.3570769184370416	0.003894016310495552
10	0.466	0.3565578967875772	0.0038269333507490668
10	0.467	0.35535724532083235	0.003509273997220875
10	0.46799999999999997	0.3546268000498774	0.0033882040975514506
10	0.469	0.3541286229873098	0.0035932533568231763
10	0.47	0.3530241869202555	0.003066944706335971
10	0.471	0.352922881547325	0.003432371919436412
10	0.472	0.3524527547144722	0.0033568382246592205
10	0.473	0.35154353268489313	0.003287785760936311
10	0.474	0.3513634237268845	0.0033229800579633348
10	0.475	0.3511233853114838	0.002844649926536059
10	0.476	0.3504410360491234	0.002796371710425496
10	0.477	0.35004943530345906	0.0026457498541480875
10	0.478	0.3497677092939502	0.0027959675918245454
10	0.479	0.34966590865293606	0.002728264589972928
10	0.48	0.34916339978293376	0.0026892191438035486
10	0.481	0.3491088027329604	0.0028292668628651773
10	0.482	0.34849386164421553	0.002694857419243268
10	0.483	0.3480500222335342	0.002695418532848912
10	0.484	0.3476419562470484	0.002555508189108241
10	0.485	0.34719678596518255	0.0026261930061160996
10	0.486	0.3468711661909604	0.0028636917140831388
10	0.487	0.34631616886597355	0.002609208412885277
10	0.488	0.34565853594831336	0.0023436101592310163
10	0.489	0.3452456766443961	0.002215468952195851
10	0.49	0.34506322084353425	0.0023271774502567383
10	0.491	0.3447358884511477	0.0021536054477429485
10	0.492	0.34420911933671855	0.0021076341380045706
10	0.493	0.34409766924677	0.0020137641336789944
10	0.494	0.34390363984649125	0.0022096894465566705
10	0.495	0.3436374335924413	0.002263523739710441
10	0.496	0.34340930130395636	0.002183480575496397
10	0.497	0.3429475575750426	0.00191022923315041
10	0.498	0.3427423176677896	0.0019163165170615287
10	0.499	0.3423921343079241	0.0018429588823128827
20	0.35	0.9351053590138345	0.04753243085606851
20	0.351	0.915928654208226	0.047327842157043276
20	0.352	0.9358457510431742	0.050755233554431456
20	0.353	0.9158422927349603	0.05086508019882926
20	0.354	0.9285637766596792	0.054427309260864
20	0.355	0.9053061905725894	0.0625244454501482
20	0.356	0.9021085194772565	0.06306417509664786
20	0.357	0.9179635580227228	0.05494052211769967
20	0.358	0.9018047699066364	0.050957106884602706
20	0.359	0.9132849783300941	0.051165639058641965
20	0.36	0.8981510831027288	0.053836734005072516
20	0.361	0.897477643338121	0.04955185871807622
20	0.362	0.8915821640829495	0.04824993140177711
20	0.363	0.893779607148548	0.050170719373570954
20	0.364	0.8778820001285667	0.05267433862812541
20	0.365	0.8726846578192109	0.05255347668814383
20	0.366	0.885564989818203	0.04963377030883047
20	0.367	0.8893738130821447	0.06818969174314043
20	0.368	0.8567256401805835	0.055777550885310154
20	0.369	0.8728610824027809	0.05675337212061007
20	0.37	0.8649774783312841	0.05293465916831229
20	0.371	0.8808008774790745	0.05619955110497194
20	0.372	0.8628225999807032	0.05420014409153058
20	0.373	0.8429761934048566	0.05665131150960259
20	0.374	0.8476041792303014	0.05646318802638217
20	0.375	0.8210956048266572	0.0535209426282364
20	0.376	0.8529172628543751	0.060089711117599406
20	0.377	0.8351752298676248	0.05871328444935971
20	0.378	0.820874864775544	0.05733986609125492
20	0.379	0.8130850376063219	0.05347510026517837
20	0.38	0.8239074239148959	0.05229972866168095
20	0.381	0.8280861640622126	0.05778640835685131
20	0.382	0.7895901317147677	0.05021220849037454
20	0.383	0.8084659767734621	0.07436134131708504
20	0.384	0.7913764140484968	0.05481658243557957
20	0.385	0.8290766905529325	0.06211807193819062
20	0.386	0.8103531748847679	0.05726589624339451
20	0.387	0.7905575357803433	0.05961015646501059
20	0.388	0.7812344408786425	0.05320229921813517
20	0.389	0.7699085313801334	0.05191149877162328
20	0.39	0.7767754231047844	0.057390238658006285
20	0.391	0.7729031806238291	0.05385793828092689
20	0.392	0.7402288766518038	0.0531710558549077
20	0.393	0.7393144406937686	0.06563583248630343
20	0.394	0.7311639085286173	0.05203732719253192
20	0.395	0.7222526053467537	0.049335546399200084
20	0.396	0.7190963884027705	0.05029400983853385
20	0.397	0.709896308020083	0.057098620258428545
20	0.398	0.7148954577722095	0.06896114493010914
20	0.399	0.694986811772824	0.04855841564006776
20	0.4	0.673012726962808	0.04832109233450321
20	0.401	0.6889495906515904	0.05353580684295463
20	0.402	0.6704465031483294	0.04746947691983124
20	0.403	0.6795424414291973	0.05499921389827728
20	0.404	0.6600628360981515	0.059906435932508016
20	0.405	0.6414071417600108	0.04400695046548592
20	0.40599999999999997	0.637768893723138	0.049809513618468255
20	0.407	0.6374500702427025	0.043903089902459946
20	0.408	0.6231703780688844	0.042507128230088696
20	0.409	0.6209090222709605	0.04017689863099116
20	0.41	0.607276630552025	0.043959194961416675
20	0.411	0.5800718785591771	0.03560656023659496
20	0.412	0.5709575683541848	0.03705149973063301
20	0.413	0.5822413705730051	0.041786967619402086
20	0.414	0.5611787605529238	0.039644459424706346
20	0.415	0.5622555895713085	0.03573619634814457
20	0.416	0.54526599548304	0.044772260388949395
20	0.417	0.5319885945187561	0.0361391968709506
20	0.418	0.5206372726443	0.04049796165888588
20	0.419	0.5321321504765625	0.032678446801141875
20	0.42	0.5009127904227181	0.02787962643565766
20	0.421	0.5084535383284972	0.03060084397899249
20	0.422	0.49893671167179493	0.029787150375745128
20	0.423	0.4863500160920495	0.030845602786041214
20	0.424	0.47632600053964874	0.03578915702304105
20	0.425	0.472660912752382	0.026563403573338855
20	0.426	0.4630609515375408	0.024326869368419317
20	0.427	0.45201685120360663	0.021063114924655096
20	0.428	0.45301974923868593	0.02670903132231524
20	0.429	0.4487539687773945	0.02500225650299865
20	0.43	0.440634765556694	0.02356881314880343
20	0.431	0.4296826553471731	0.02091293154681225
20	0.432	0.43000589275590767	0.018435454449155887
20	0.433	0.42679332462350794	0.018250859270242812
20	0.434	0.42277931085781334	0.01929025233165471
20	0.435	0.42053537735511615	0.020658434357265255
20	0.436	0.41430900307953816	0.01865069060152787
20	0.437	0.4142180087352293	0.020373383058891133
20	0.438	0.40242472912368193	0.018323922105385183
20	0.439	0.39301874016738847	0.015787835858013813
20	0.44	0.3884456292738503	0.01389910415019593
20	0.441	0.38872270772930045	0.01447676098351856
20	0.442	0.37988367807574147	0.01159479847071429
20	0.443	0.37914737636339474	0.01181084881956442
20	0.444	0.37713935887173994	0.011672617978348043
20	0.445	0.3715301298360706	0.009935068976581847
20	0.446	0.3687084875990044	0.010957081571280584
20	0.447	0.36492431066429254	0.008235130451330881
20	0.448	0.36405909309690665	0.007396708165229713
20	0.449	0.364823900142306	0.007981237516000555
20	0.45	0.36181188448861684	0.008328219829640153
20	0.451	0.3641890012361321	0.009871963219723176
20	0.452	0.3587931486768635	0.009380197174163992
20	0.453	0.35939175700614817	0.008263170939039725
20	0.454	0.3567638667622045	0.006804635859904608
20	0.455	0.3536808684155086	0.005937174442834595
20	0.456	0.3585905066873663	0.009630981534620577
20	0.457	0.35564874608480573	0.007145406136328033
20	0.458	0.35231792738025336	0.005639436386084292
20	0.459	0.3493235521959732	0.004517260235212329
20	0.46	0.34720557400662744	0.004561280269320072
20	0.461	0.34681068318988495	0.004320442565994836
20	0.462	0.3476329946958376	0.005037830143335913
20	0.463	0.34721825608127554	0.005756846518230391
20	0.464	0.3463240658613526	0.005678053873352126
20	0.465	0.34579809963293745	0.004474853522102342
20	0.466	0.343743739611641	0.0029794069137137474
20	0.467	0.3432214393780487	0.0028533353580684926
20	0.46799999999999997	0.3428885524075228	0.0027685723319335804
20	0.469	0.34239148782056567	0.0026713226102826034
20	0.47	0.34239520057733436	0.0031037454616328363
20	0.471	0.3425196182408826	0.0032003505927293077
20	0.472	0.34240256294702703	0.0032335956348562896
20	0.473	0.34169356416453756	0.0029307920325417217
20	0.474	0.3408548878483782	0.002646210884486323
20	0.475	0.34107388978546194	0.0032486195469162626
20	0.476	0.3408500773514709	0.0027252813125099346
20	0.477	0.34019046019204674	0.0021592396963898836
20	0.478	0.3398354371542081	0.0021189906511568032
20	0.479	0.33955384229087465	0.002115977705451402
20	0.48	0.33926474621200126	0.0018761269271487901
20	0.481	0.33909048503302724	0.0018929703021101775
20	0.482	0.3388421652932794	0.001745672523642154
20	0.483	0.33882690370976554	0.0019037688017161433
20	0.484	0.33879801319026287	0.002083569291666586
20	0.485	0.3383608922735093	0.0021942126064399695
20	0.486	0.33816863607637754	0.0019915540766881927
20	0.487	0.33805267433575814	0.0019249747402691978
20	0.488	0.33772273164772854	0.0015736095104049452
20	0.489	0.33745910187217315	0.0015695116727919077
20	0.49	0.33732698368470854	0.00145279426780711
20	0.491	0.33742094889327845	0.0019637711916062218
20	0.492	0.33699586475448867	0.001289869912989567
20	0.493	0.3369765853683252	0.0013940032937768097
20	0.494	0.33685199032762786	0.0014736527581684956
20	0.495	0.33665473462206336	0.0015748176342933668
20	0.496	0.3365015078376767	0.0013618703927461096
20	0.497	0.3366561848207664	0.0018143064062718997
20	0.498	0.3364901478796252	0.001718362293201645
20	0.499	0.3361905160872938	0.001282794556292679
30	0.35	1.0003079436421447	0.05445423084199855
30	0.351	1.0197279994285535	0.06066164983073109
30	0.352	1.0031506389285587	0.054487945655421706
30	0.353	0.9750908838928154	0.055195488414474976
30	0.354	0.9834773056191167	0.054672292977839446
30	0.355	1.0167799294037734	0.0612696720518542
30	0.356	0.9990055941604501	0.06034748736760705
30	0.357	1.0017951210308533	0.06269123869903422
30	0.358	0.9687669934105146	0.07514880059442192
30	0.359	1.0033319605105562	0.0692921539178076
30	0.36	0.987208500018343	0.061898170152900854
30	0.361	0.982453445424499	0.07198683494410928
30	0.362	0.961995635052871	0.06656829895324622
30	0.363	0.9598311559296159	0.06254677979446835
30	0.364	0.9859064710017293	0.07298467499905162
30	0.365	0.9708558264508805	0.07266415022338482
30	0.366	0.9646634919525904	0.0642405792653509
30	0.367	0.939181468416343	0.061570092681571806
30	0.368	0.9556249097568688	0.07091459456285922
30	0.369	0.9693933151118685	0.09150868014506372
30	0.37	0.951974102533538	0.06465340299750505
30	0.371	0.9364573695248135	0.061418619407739836
30	0.372	0.9859115140134279	0.08595465506975322
30	0.373	0.9343939401597829	0.06878935004082846
30	0.374	0.9261862676244479	0.06915769328198933
30	0.375	0.9480282597920043	0.08504922589997617
30	0.376	0.9643462397180655	0.074163299445748
30	0.377	0.9428009745517816	0.07482377453923852
30	0.378	0.9306596763044631	0.07314123309130596
30	0.379	0.9129629843650778	0.06514456267139908
30	0.38	0.9254508614917383	0.08310258269821322
30	0.381	0.9054469792697447	0.06967727173766393
30	0.382	0.9086565260747245	0.07425427738301354
30	0.383	0.9411465298072267	0.09295993739786736
30	0.384	0.9647353277134949	0.08803859117821766
30	0.385	0.8843138144717475	0.08455869872661745
30	0.386	0.8768584532599982	0.07058180772465188
30	0.387	0.9268810765581622	0.09116393817895918
30	0.388	0.8883408141514939	0.07161970715501935
30	0.389	0.8815036796661242	0.0783070755676587
30	0.39	0.9011411827102214	0.0871745742656473
30	0.391	0.8893733390985017	0.08515761472559984
30	0.392	0.8481611872459732	0.07803985076952646
30	0.393	0.8966722571326885	0.08161831084142251
30	0.394	0.864974140696876	0.08574336480867352
30	0.395	0.8747019536135294	0.09368803957560208
30	0.396	0.8579589184083419	0.10617411140657322
30	0.397	0.8399667076074324	0.08640946842107688
30	0.398	0.8172339622486423	0.09267415420236659
30	0.399	0.809310193591166	0.0858177127345843
30	0.4	0.835682908128591	0.07936657799287208
30	0.401	0.7938979220296204	0.07556324651147002
30	0.402	0.8004902075194568	0.08363557349182964
30	0.403	0.8055920612563184	0.07580604558128864
30	0.404	0.8303730579467136	0.09282885408668978
30	0.405	0.7792431459865341	0.08480836476202429
30	0.40599999999999997	0.7563974287180079	0.08673214103232899
30	0.407	0.7158742356174598	0.06764050648584888
30	0.408	0.762189583653709	0.08871133890168252
30	0.409	0.7452200545210456	0.08354724468022466
30	0.41	0.7489927472069666	0.08266547573254363
30	0.411	0.7078563478046852	0.08866552385837956
30	0.412	0.7152787263854283	0.07719330279654386
30	0.413	0.7183074995225234	0.07943315922437885
30	0.414	0.7164828371841624	0.0809983526374932
30	0.415	0.6507545035156939	0.06519946529880423
30	0.416	0.6306955008330218	0.06424841093075101
30	0.417	0.6341248597082675	0.07331124444392957
30	0.418	0.6398260907738444	0.07676951626496238
30	0.419	0.6011586465486014	0.06947023433255865
30	0.42	0.6196005967914798	0.07504841844053375
30	0.421	0.591734165418376	0.061938463961561774
30	0.422	0.5919644445523926	0.06241465841880856
30	0.423	0.571120863270133	0.06560093574941574
30	0.424	0.5612669088194444	0.06115383594673799
30	0.425	0.5400410753713119	0.061471298017178426
30	0.426	0.5179152032857054	0.04629690978188978
30	0.427	0.5007935333737881	0.043668208973166756
30	0.428	0.48131293007184045	0.0414254853180587
30	0.429	0.5092364481589291	0.04540819294691025
30	0.43	0.47192055863907983	0.04469380510534034
30	0.431	0.48234346307299564	0.0396962427219099
30	0.432	0.4605572192811944	0.04004176739922333
30	0.433	0.44037953161784443	0.03137323695190045
30	0.434	0.4624665308943048	0.03646885274869325
30	0.435	0.4208396426922694	0.026403436708082567
30	0.436	0.41607862552061886	0.028009125064230138
30	0.437	0.4075734804481141	0.021226457394230347
30	0.438	0.3964530584288683	0.024135562714679353
30	0.439	0.4022614355384034	0.021719172172495024
30	0.44	0.39845244061236995	0.022044895840904227
30	0.441	0.38098738522387576	0.02102202045103232
30	0.442	0.3945461142281831	0.02399482707646164
30	0.443	0.3742661726380788	0.016241770033406117
30	0.444	0.3742844003119248	0.014480090974127969
30	0.445	0.3706565460937847	0.012266814699787265
30	0.446	0.37063395244514546	0.017905470195923555
30	0.447	0.37247252327035857	0.017553549727181424
30	0.448	0.3567958752141357	0.009324600130104528
30	0.449	0.35640985026638544	0.010172760998883701
30	0.45	0.36030615473728883	0.011682746966823946
30	0.451	0.3521196266425179	0.007806493751043609
30	0.452	0.359168257908825	0.011895067586110098
30	0.453	0.3512393855531607	0.008321382274515012
30	0.454	0.35125974992442127	0.008446029081986543
30	0.455	0.34828128788229207	0.007686737230684146
30	0.456	0.3469973297181511	0.005675639285203667
30	0.457	0.3453059153256852	0.0057423213117062675
30	0.458	0.344631485010186	0.006174149042651906
30	0.459	0.34576985523436565	0.006314958860464563
30	0.46	0.343225491029504	0.004529477482913262
30	0.461	0.3441706124175174	0.006443108253923001
30	0.462	0.3424605771813043	0.005591813099505568
30	0.463	0.34018860384465294	0.00408480835612962
30	0.464	0.3399643627714718	0.003773416761945422
30	0.465	0.34023261310030867	0.00420475538035882
30	0.466	0.33914977032670396	0.0034937811216006606
30	0.467	0.3386336511205002	0.002682806121225959
30	0.46799999999999997	0.3389440608670409	0.0033499395259484316
30	0.469	0.3390394381160017	0.0037844446601970525
30	0.47	0.3386478712566319	0.0035291636197714903
30	0.471	0.337781934243261	0.00255475914370138
30	0.472	0.3376973281460988	0.0026671473709336253
30	0.473	0.33734676252238877	0.002240786240349769
30	0.474	0.337262941899955	0.002447262391332071
30	0.475	0.3371698565022467	0.002611877091719202
30	0.476	0.33687452706474447	0.002731399266514631
30	0.477	0.33675105984391945	0.002201242896532217
30	0.478	0.3366064953177683	0.0020892808441829508
30	0.479	0.3362739372878981	0.0017950762208415031
30	0.48	0.3363466259349363	0.0021401807010349625
30	0.481	0.3360668533150437	0.001783875580753452
30	0.482	0.33587957401933555	0.00172197290845835
30	0.483	0.3357284279157214	0.0015924790981706777
30	0.484	0.33576500175312013	0.0016709573605465794
30	0.485	0.33565059852831497	0.0019479339065357384
30	0.486	0.33544124939560943	0.0013553864854691491
30	0.487	0.3353804039617163	0.001181335297468713
30	0.488	0.3352845953701028	0.0011759625299504045
30	0.489	0.3353235873162992	0.0014163826575583382
30	0.49	0.3351935259659095	0.0011298167167216073
30	0.491	0.3351009316805694	0.001088312151508487
30	0.492	0.33509191133308297	0.001249617568759208
30	0.493	0.33506234223358283	0.0010952489599545927
30	0.494	0.33495690645374543	0.0009594197611746877
30	0.495	0.3349132406629223	0.0008989588947706046
30	0.496	0.3348422006303288	0.000936153829721357
30	0.497	0.33473830212953737	0.0007857747790507214
30	0.498	0.3347251344613417	0.0008777343816621789
30	0.499	0.3346447483115735	0.000744816993417994
40	0.35	1.0519685763583264	0.059446822156260244
40	0.351	1.03632942553162	0.06731298145571903
40	0.352	1.0404606784249821	0.06339548279965045
40	0.353	1.0441329992318036	0.06768386745463098
40	0.354	1.0373744890109873	0.05794161605770939
40	0.355	1.0640848463326815	0.06599562798696476
40	0.356	1.0523671719390133	0.06834808290488777
40	0.357	1.0222641214963857	0.05923397450570381
40	0.358	1.0408012668301434	0.06363883493360722
40	0.359	1.0392352814955128	0.06831262576878945
40	0.36	1.0198532944010748	0.06131659255183983
40	0.361	1.0544141341497884	0.07625538979283199
40	0.362	1.0137273807628684	0.06636188994657044
40	0.363	1.0295329909322182	0.07873866269783802
40	0.364	1.0156489977851306	0.06945609169759864
40	0.365	1.024257821306954	0.06934803411516628
40	0.366	1.0301820602948235	0.07603968566307735
40	0.367	1.0281203620559975	0.07782015570385467
40	0.368	1.0313982287788734	0.08174953875020244
40	0.369	1.0146220891936524	0.0771043243078106
40	0.37	1.0002801018557743	0.0669303349067579
40	0.371	0.9802968657365694	0.06698523352430708
40	0.372	1.0173612918792354	0.07943608384958356
40	0.373	1.0189273655159006	0.07611189082510628
40	0.374	1.0155761502969491	0.08699006716947426
40	0.375	0.9825439952195439	0.07157091813795907
40	0.376	0.9794229151898042	0.07830310382558142
40	0.377	1.014048572648472	0.08668973017599312
40	0.378	0.9695337689682868	0.07342333948187692
40	0.379	0.9535687944376287	0.07171759780484799
40	0.38	1.0115935987241333	0.0899555981678796
40	0.381	0.9684628610226946	0.07646681611295891
40	0.382	0.9693501235460351	0.08347947928293281
40	0.383	0.9942068558841451	0.08837396146446397
40	0.384	0.9656209058203135	0.08960506277636872
40	0.385	0.9431987642917155	0.094030062479786
40	0.386	0.9555828678369774	0.08293073613252809
40	0.387	0.9897142929063674	0.09860358471299431
40	0.388	0.9589785727573555	0.09124855891109289
40	0.389	0.9211639987114766	0.08370570932891076
40	0.39	0.9617039298485017	0.10614899638976097
40	0.391	0.9184591263752512	0.08688220803125027
40	0.392	0.9435307734490983	0.10837344423613923
40	0.393	0.8955368613784778	0.09643592295186523
40	0.394	0.920587349890695	0.09466681023709657
40	0.395	0.925271280301968	0.10725505492070735
40	0.396	0.940717069396997	0.12111774262881542
40	0.397	0.8710110193965204	0.09382085757462298
40	0.398	0.9285618589170608	0.10410770284936637
40	0.399	0.9017826785699152	0.10462238892236296
40	0.4	0.9198561168833912	0.11131842429359022
40	0.401	0.9060381031789037	0.11539192215989146
40	0.402	0.8806275072362156	0.11180059469044798
40	0.403	0.8408953572861463	0.09615759593707951
40	0.404	0.904070890391184	0.10021060148226502
40	0.405	0.8922678466694578	0.14037237246116302
40	0.40599999999999997	0.8046559938446665	0.08642432818411507
40	0.407	0.7951106594699304	0.08363113768602681
40	0.408	0.838883986167615	0.10094753676792473
40	0.409	0.8425613524523817	0.10258141938858137
40	0.41	0.8585159312434999	0.12172000254655069
40	0.411	0.7869941851854906	0.11097193143881223
40	0.412	0.8223331515635465	0.11752339487028492
40	0.413	0.7973505110445803	0.10261086473571976
40	0.414	0.7984153426767043	0.11731357731626987
40	0.415	0.74159398969421	0.08677206488541045
40	0.416	0.7747271420166485	0.12870119139951838
40	0.417	0.7770965529278309	0.10770240698815574
40	0.418	0.6636741889261081	0.07437025307586302
40	0.419	0.6822193194397949	0.13868208892605377
40	0.42	0.7059673799715601	0.12224897545054875
40	0.421	0.6622068276421857	0.08453617015873333
40	0.422	0.6806406579108609	0.1001685800653912
40	0.423	0.6605088788210156	0.1056163926253554
40	0.424	0.6221356110465136	0.08911418778225136
40	0.425	0.6053107683089689	0.0819740471417838
40	0.426	0.5907211138424953	0.07911839081835743
40	0.427	0.5686040849593579	0.07213335841905949
40	0.428	0.5472170551917565	0.07684615136411621
40	0.429	0.5147133158447412	0.056400192690570825
40	0.43	0.5022518424193969	0.060051753704270495
40	0.431	0.5095982603407767	0.05966124174626286
40	0.432	0.46335189264737014	0.04840869169330961
40	0.433	0.44480758693022227	0.05318398760974999
40	0.434	0.4519040261856975	0.046787982375776464
40	0.435	0.4466496288000986	0.048739966337783484
40	0.436	0.4368723678009712	0.049249221901141824
40	0.437	0.4224097439333555	0.04523463868359772
40	0.438	0.4068630386737116	0.033940583729235446
40	0.439	0.39274166755768153	0.025190058006601717
40	0.44	0.3865226527208652	0.023084263794772034
40	0.441	0.38682795325109154	0.029801749358822176
40	0.442	0.38533694898577486	0.02461312278165739
40	0.443	0.3782196868505208	0.025408306159243582
40	0.444	0.3693817493333495	0.019955299827307028
40	0.445	0.3609598333503248	0.018187840389192435
40	0.446	0.3610209335438145	0.015991692676281873
40	0.447	0.3609270691932592	0.016421606236000797
40	0.448	0.3484088291887491	0.007556420968454678
40	0.449	0.34672129769002763	0.00785784515676656
40	0.45	0.3472659043741355	0.008469092390078857
40	0.451	0.34696308474164433	0.00902166319354136
40	0.452	0.34303829072657993	0.005345495613168744
40	0.453	0.3443896301146486	0.007527278544099048
40	0.454	0.3426544527696204	0.005753445170050373
40	0.455	0.3424023698425993	0.005948133285779594
40	0.456	0.34419768208467666	0.010224451370300196
40	0.457	0.34255681311750824	0.007654976160026753
40	0.458	0.3411643786855508	0.004799034697971441
40	0.459	0.3406753141760042	0.0059021834454613
40	0.46	0.33831866095167784	0.0032276891682904768
40	0.461	0.3401135592838256	0.004292441085551856
40	0.462	0.34003057476782	0.005005334624190925
40	0.463	0.3383024988240247	0.0036744981723278725
40	0.464	0.3378421020495742	0.003514254163364383
40	0.465	0.3374667003887088	0.0033925129326095446
40	0.466	0.33710602098105147	0.0031067281764447356
40	0.467	0.33670710094162454	0.00255345737885225
40	0.46799999999999997	0.3378344167023887	0.004243798278648379
40	0.469	0.3364830942460167	0.002424612969507902
40	0.47	0.3361606519081208	0.0020924435426102495
40	0.471	0.3360978144750614	0.0023876986256387176
40	0.472	0.3360246460993449	0.0033331762778402176
40	0.473	0.33567815794768757	0.0022250639543452103
40	0.474	0.3354597839786318	0.0020191791047659267
40	0.475	0.3353611862166942	0.0015997984448803445
40	0.476	0.3352882493764583	0.0015927577030314958
40	0.477	0.33520768462179307	0.0014581554661830718
40	0.478	0.3352295837522335	0.0014644613963888924
40	0.479	0.3351300370413233	0.001376344469615975
40	0.48	0.33517813170820476	0.0017503944962029307
40	0.481	0.33492274238709424	0.0011563961091661246
40	0.482	0.33484662293592554	0.001207807703305017
40	0.483	0.3348552704276436	0.0013004263522886892
40	0.484	0.3346981482753425	0.0010420514780679054
40	0.485	0.3346428092469902	0.0010551613003047116
40	0.486	0.3345530941571957	0.0009009496995081128
40	0.487	0.3345066057159583	0.0009183134527570809
40	0.488	0.33469349647811525	0.0014760261233277064
40	0.489	0.33461905514476925	0.0012747257248045818
40	0.49	0.3344331968786794	0.0009551240430954198
40	0.491	0.3343744608532372	0.0009006434821387325
40	0.492	0.33432465683988805	0.0008285424704781821
40	0.493	0.3342923466257139	0.0008209732420283343
40	0.494	0.33422663960974314	0.0008044515019503152
40	0.495	0.3342033577593606	0.0007151321195972139
40	0.496	0.3341625778304708	0.0006680857986248741
40	0.497	0.33413195709711246	0.0006425965674913467
40	0.498	0.33410850086860616	0.0006370352244716274
40	0.499	0.33408929753827055	0.0006199203273179223
50	0.35	1.217302921214478	0.086574342232329
50	0.351	1.2280752648564106	0.0998886085378119
50	0.352	1.2270110344143061	0.11839584361640587
50	0.353	1.2354513087020909	0.10215350865633306
50	0.354	1.2182401986081235	0.10208237935075432
50	0.355	1.2141879810599268	0.0988007999618539
50	0.356	1.19512810586222	0.08392638828036128
50	0.357	1.1859517796184431	0.08455743903738941
50	0.358	1.2025584478389728	0.09615295885614877
50	0.359	1.206753079012738	0.09408129814212139
50	0.36	1.14570644787028	0.10026202617195548
50	0.361	1.1648580509762334	0.13563468741135468
50	0.362	1.1446530824478405	0.08504784941286456
50	0.363	1.1640616754188293	0.09737732994709418
50	0.364	1.1311467320691815	0.09152683691713193
50	0.365	1.1349708159278582	0.09607292978460888
50	0.366	1.1281026301356427	0.07990365473180663
50	0.367	1.0889395013083265	0.08141893958525889
50	0.368	1.1287289949690786	0.10056398520140826
50	0.369	1.0964527875923857	0.08349566665605984
50	0.37	1.1207184020021292	0.08573053823334968
50	0.371	1.1095195791249182	0.08844412038744986
50	0.372	1.08285350619136	0.08390364846537116
50	0.373	1.114621525788305	0.0896330544201811
50	0.374	1.0999186016792948	0.09636598896801679
50	0.375	1.0512091078893135	0.08882110753257644
50	0.376	1.104244966978404	0.10483042298007661
50	0.377	1.0807479587732873	0.09156543467515925
50	0.378	1.0665727729746333	0.08715893850528236
50	0.379	1.0466326580893153	0.0793246130432935
50	0.38	1.0322738502642017	0.09711471769089121
50	0.381	1.0496793036515428	0.09646667990582852
50	0.382	1.0739433089063406	0.10076150055233017
50	0.383	1.008332208187513	0.09637056347973817
50	0.384	1.0270111090988951	0.1073866209591634
50	0.385	1.014579206244439	0.10803267512145787
50	0.386	1.0416592946440488	0.1083474772964205
50	0.387	1.0549224736900409	0.10396402991616438
50	0.388	1.0236185890241687	0.08522989463997205
50	0.389	0.9889510490894601	0.0868794605456914
50	0.39	0.993669782895072	0.10328870174754315
50	0.391	1.0278677158449478	0.10776663433393276
50	0.392	0.9668059252433122	0.08699221043013536
50	0.393	0.9586101698555259	0.09943130749094908
50	0.394	1.0315723379037385	0.12456694867599581
50	0.395	1.0217980232273	0.10527050492417153
50	0.396	0.9788990683608987	0.11580042538369037
50	0.397	0.9866891319955056	0.11793500114715778
50	0.398	0.9868341245272012	0.11024792415135513
50	0.399	0.9556185346263735	0.10821268355446165
50	0.4	1.0168865803934501	0.1346162720112879
50	0.401	0.9280023870060556	0.14265719655561065
50	0.402	0.9180333306268311	0.11200797487060508
50	0.403	0.9220185930064848	0.10801856275526774
50	0.404	0.9509095407649744	0.12599536351878557
50	0.405	0.8898449480593786	0.1033497389849456
50	0.40599999999999997	0.9216872008569837	0.12598419397150534
50	0.407	0.8927705278271082	0.12118497553708428
50	0.408	0.9303226439494029	0.14115427833518143
50	0.409	0.9467847258499257	0.15071632896371703
50	0.41	0.9064747279297175	0.12730008017798103
50	0.411	0.8841571011360443	0.13376063073638855
50	0.412	0.8836692287496419	0.12982509717830756
50	0.413	0.8457557139322907	0.11898040465658954
50	0.414	0.8450185912468657	0.12444687509015867
50	0.415	0.8305635786585932	0.1200426060069439
50	0.416	0.7985070180593825	0.13259319811923234
50	0.417	0.8715174089259016	0.14339626257050855
50	0.418	0.7858075007541968	0.11815916872879159
50	0.419	0.7338152285178687	0.11008651387739589
50	0.42	0.783248806269306	0.13916479390617878
50	0.421	0.7389243680852444	0.12485475776952172
50	0.422	0.8235263696967368	0.13670694807465095
50	0.423	0.7163292152304378	0.13200503404274677
50	0.424	0.7061122113742871	0.14016998203313727
50	0.425	0.6349655072031362	0.09882073621979216
50	0.426	0.6127971574717487	0.08515226953210815
50	0.427	0.669109602721177	0.14045245076156493
50	0.428	0.6179011115875587	0.09502972309215257
50	0.429	0.581649760181741	0.09273764669535489
50	0.43	0.5552367067817491	0.08025779626435653
50	0.431	0.5275269798716387	0.06687393259466805
50	0.432	0.49988926833189956	0.06308209280014751
50	0.433	0.4716677140882706	0.05882776676086757
50	0.434	0.4665768261353341	0.06988885825207586
50	0.435	0.4361772923413069	0.04841756053295019
50	0.436	0.4556831752193381	0.06076600164273767
50	0.437	0.4293055105137553	0.057413090154879914
50	0.438	0.4135610066396706	0.03921845460131618
50	0.439	0.42212033002629984	0.04820646700428014
50	0.44	0.37433806950826876	0.024910045845287183
50	0.441	0.3838326388018819	0.03939799994751833
50	0.442	0.37631745421031515	0.027908318983316856
50	0.443	0.36923066326725096	0.020622261444800675
50	0.444	0.36650826312265716	0.021659534074354742
50	0.445	0.3620243318510474	0.026092995296996463
50	0.446	0.35360045564803916	0.016530517061963828
50	0.447	0.35396179226787694	0.0145714744581042
50	0.448	0.35023930553722293	0.012433198826211219
50	0.449	0.347232669062818	0.014736384345242515
50	0.45	0.3445380623942743	0.00818876754854838
50	0.451	0.34649444435195814	0.0144497659507925
50	0.452	0.3430975730863372	0.009078354550336601
50	0.453	0.34072032005676983	0.0068077810048274255
50	0.454	0.3389626654325428	0.004604000427433369
50	0.455	0.34067904643646163	0.007715800377183908
50	0.456	0.34148877961242097	0.00793702359921762
50	0.457	0.33844235471505363	0.00438185403067315
50	0.458	0.33875105891613666	0.005364750091420499
50	0.459	0.3371017471438198	0.0029968356328270106
50	0.46	0.3370963591512568	0.0034171457722497094
50	0.461	0.33677594349323003	0.002573648557990076
50	0.462	0.3367334065859813	0.0032549614789510435
50	0.463	0.33697738667571875	0.003686902323964806
50	0.464	0.3364812945977639	0.002813398430681913
50	0.465	0.3363383529472091	0.002883736966698105
50	0.466	0.33598069395085794	0.002452388802441927
50	0.467	0.3359136393897572	0.003017929258337888
50	0.46799999999999997	0.33573542083135144	0.0028666880037026715
50	0.469	0.33623866242466355	0.004558667157484283
50	0.47	0.3352819002697408	0.0019281500441533557
50	0.471	0.33504051971337223	0.001648205676485444
50	0.472	0.33490758066115195	0.0016842990087783016
50	0.473	0.33484252548498006	0.0016305226605959847
50	0.474	0.3351369553074494	0.002538737616239557
50	0.475	0.3346713215722311	0.0013200281021669114
50	0.476	0.33471141136363297	0.0014137391693528419
50	0.477	0.3346936705584605	0.0014653122869497392
50	0.478	0.33449640856369794	0.0010013172219104534
50	0.479	0.3344670190311169	0.0011108107515843037
50	0.48	0.33438298303127334	0.0010979649558169003
50	0.481	0.3343799817551139	0.0012595137093119508
50	0.482	0.3342980067725221	0.0008844121164508143
50	0.483	0.33425566770545045	0.0008713890098247035
50	0.484	0.3341753271456838	0.0007532570680091481
50	0.485	0.334131656174029	0.0007621972074220617
50	0.486	0.33411144989377767	0.000708756589455615
50	0.487	0.3340712373574734	0.0006638961759387506
50	0.488	0.3340556034655167	0.0006735000838665378
50	0.489	0.3340215929359633	0.0006183513030690164
50	0.49	0.3339989456629939	0.0005689911819338741
50	0.491	0.33398147413483664	0.0006209674857406891
50	0.492	0.3339772828586227	0.0006419937624090174
50	0.493	0.33394528468094936	0.0006161162024312975
50	0.494	0.33393207141424164	0.000582349582768221
50	0.495	0.33389832145465287	0.0005899931181169826
50	0.496	0.3338831004669607	0.0005217452557127793
50	0.497	0.3338759499838607	0.0005382005797617365
50	0.498	0.33386100391555484	0.0005384334775694636
50	0.499	0.3338441698400041	0.0005141141107540477
60	0.35	1.3406588769259966	0.14564457652995563
60	0.351	1.3418731370074621	0.12908365693749066
60	0.352	1.3636636832035305	0.12001526324928873
60	0.353	1.334709680492333	0.14823114030435086
60	0.354	1.310349279064202	0.0935602571072857
60	0.355	1.3466429848293868	0.14677745621496635
60	0.356	1.3050520917893085	0.11068472681295047
60	0.357	1.3398861227681593	0.13583614473340783
60	0.358	1.2921131017812726	0.10827183064330666
60	0.359	1.2516498687794941	0.11450602767995352
60	0.36	1.3049390398655716	0.1196303541512808
60	0.361	1.318367886881561	0.11981549990627377
60	0.362	1.245136110112632	0.10213952548592167
60	0.363	1.2067218547867966	0.09318466038970964
60	0.364	1.2168718314674656	0.11237611438431754
60	0.365	1.239131961014188	0.11758733304138423
60	0.366	1.2008515000077564	0.09499683969205983
60	0.367	1.2066762886683517	0.10939362141323268
60	0.368	1.2256556166635095	0.10128903947859842
60	0.369	1.245568612780286	0.111145211075356
60	0.37	1.2028574342097333	0.10601067305754391
60	0.371	1.196470813892028	0.0965035140972055
60	0.372	1.1723052630964372	0.09140109864389291
60	0.373	1.1558884657092883	0.09299426324328668
60	0.374	1.1699576251570938	0.10990578333492425
60	0.375	1.130638031247563	0.09368700064807545
60	0.376	1.1624819347291906	0.0975718832494563
60	0.377	1.145315286938502	0.09725111929574402
60	0.378	1.1109277424107162	0.09798177507436617
60	0.379	1.1316367621373618	0.09331053176487737
60	0.38	1.1193770957112334	0.093835773633506
60	0.381	1.127254641935026	0.0960028817575836
60	0.382	1.1230324798815297	0.10341055167128696
60	0.383	1.0961716441506701	0.08859948469374089
60	0.384	1.0867501836468703	0.14645833598207023
60	0.385	1.0447735607525597	0.08917276184385144
60	0.386	1.0832744800702425	0.10171899486130766
60	0.387	1.0799823721696402	0.09990028986055847
60	0.388	1.058458490654542	0.0953963191638402
60	0.389	1.0904455542837261	0.13342253183216693
60	0.39	1.0118170423353423	0.09501899735488735
60	0.391	1.086722619669333	0.12598698369713296
60	0.392	1.0827712007852137	0.11153103356468448
60	0.393	1.0361316517079164	0.10140080583142029
60	0.394	1.0267919164886523	0.10093347880473415
60	0.395	1.0559428230185413	0.13386882735538733
60	0.396	1.0222526804260343	0.10123002463362549
60	0.397	1.0770361931562626	0.13814917566539134
60	0.398	1.0110205447761809	0.10806855914392709
60	0.399	1.0104542456182435	0.13847110662168
60	0.4	1.0397535362412684	0.14333520504402514
60	0.401	0.9921430887334709	0.1375965393931654
60	0.402	0.9656020698412666	0.13961755785694635
60	0.403	1.0069336299903866	0.11957181609512595
60	0.404	0.9671984085987808	0.12332208662872808
60	0.405	0.9940561441397681	0.14090639296723692
60	0.40599999999999997	0.9114852874718861	0.1132773545472354
60	0.407	0.9510615466872004	0.1343305231135976
60	0.408	1.0296005999765019	0.16645394378435302
60	0.409	0.9737686117565317	0.148153375550098
60	0.41	0.9296001925581229	0.1460666492685623
60	0.411	0.8707839432813409	0.1317120000288
60	0.412	0.941094836886697	0.1775628448987227
60	0.413	0.9231299675329157	0.15072110036024286
60	0.414	0.9121735912020872	0.18850337151869206
60	0.415	0.864396728166997	0.17112438137750344
60	0.416	0.8887200708937548	0.16799209405474408
60	0.417	0.8524498468104821	0.1349122632569013
60	0.418	0.8957150633274571	0.1708064211899227
60	0.419	0.8141351618984747	0.12892969660937798
60	0.42	0.8026137169716607	0.14218774872735104
60	0.421	0.8242915085341245	0.15199176018226432
60	0.422	0.8130576847063978	0.1798172905038111
60	0.423	0.7615147589546571	0.14633030269982236
60	0.424	0.7796359368383039	0.1773744740643654
60	0.425	0.7169158262616774	0.1412172380173909
60	0.426	0.6822939704331707	0.1391543918618699
60	0.427	0.6936634115679896	0.16786523364113945
60	0.428	0.6417137582319337	0.1278854938939497
60	0.429	0.6384623469375463	0.1326176307553752
60	0.43	0.5839108509355979	0.09747289787394818
60	0.431	0.5939810310253599	0.12353977479197054
60	0.432	0.5258901794346867	0.09140091508012065
60	0.433	0.5376442097390869	0.1217535499547883
60	0.434	0.5054505823150126	0.08509147077665487
60	0.435	0.43175399566760464	0.07581568739457592
60	0.436	0.4503957087728482	0.07805613412232956
60	0.437	0.43777406172466765	0.06316594901570889
60	0.438	0.42135522563674704	0.05732523384100578
60	0.439	0.3995257304950293	0.04387639924148275
60	0.44	0.4138709774732536	0.06262540886533412
60	0.441	0.38572831162162563	0.039370402612320235
60	0.442	0.3780079592990715	0.03423554350728225
60	0.443	0.3602374701113993	0.020400327467584082
60	0.444	0.35350126087851097	0.019826053190405025
60	0.445	0.35414931165276925	0.01784181740461567
60	0.446	0.3540590194983311	0.019378158896835963
60	0.447	0.3516286147860047	0.01927858776017961
60	0.448	0.3493627292326118	0.0147343911804651
60	0.449	0.34502155074388496	0.009527305432579649
60	0.45	0.34940115302241115	0.01995921055974018
60	0.451	0.3420538082658986	0.009303246273192137
60	0.452	0.34326086260438815	0.0122303911865187
60	0.453	0.3385960900384502	0.00457722872672469
60	0.454	0.33960267007710127	0.007935397304420248
60	0.455	0.3388494152442121	0.007677570979958927
60	0.456	0.3378136890133819	0.004850838656165786
60	0.457	0.33683969523886187	0.003403461017529126
60	0.458	0.3370674142723168	0.004392650479693897
60	0.459	0.3364078720250974	0.003126562241087749
60	0.46	0.33597794100700545	0.002699592119068395
60	0.461	0.33615866036438785	0.003267801070610971
60	0.462	0.33576932136762316	0.0025702979401157986
60	0.463	0.3359815719985635	0.003154501917840766
60	0.464	0.335334975025966	0.002282727610264037
60	0.465	0.3352309232259711	0.002230657047417039
60	0.466	0.3354020839730755	0.002301849073839227
60	0.467	0.33508028906336434	0.0021944305341887555
60	0.46799999999999997	0.33507580187663005	0.0028749435470468887
60	0.469	0.33486623505425755	0.0021750872428373236
60	0.47	0.3348466030063733	0.0020454654521775114
60	0.471	0.33480831047825244	0.0019925767701812953
60	0.472	0.33454152173154206	0.0012591667405625288
60	0.473	0.3344658492019552	0.0011518337336147277
60	0.474	0.3344064120472977	0.0011377216612389284
60	0.475	0.33433446857889615	0.001100421864316578
60	0.476	0.33426169521605764	0.0009888837017755913
60	0.477	0.33428708356850617	0.0013052223289809959
60	0.478	0.3341579615673045	0.0008880095962730756
60	0.479	0.334111057067554	0.0008922242372445642
60	0.48	0.33413476744648896	0.0011154749511816378
60	0.481	0.3340774169209182	0.0008448170227861795
60	0.482	0.33403377398800993	0.0007982691716739143
60	0.483	0.33402367204379085	0.0008405462364799311
60	0.484	0.33397848221133464	0.000853367338527995
60	0.485	0.33399917138196905	0.001093980500963912
60	0.486	0.33401209956005296	0.0011932343030386387
60	0.487	0.33397861828994446	0.0012965001199122836
60	0.488	0.3338644979628388	0.0007646617113570898
60	0.489	0.3338558803034848	0.0006781593137584617
60	0.49	0.33385521077197305	0.0006591916807848025
60	0.491	0.3338368309155185	0.0006789963176881615
60	0.492	0.33380134926065413	0.0006319308926338924
60	0.493	0.33378092518644037	0.0005848688790666454
60	0.494	0.3337648129146682	0.000578002534533387
60	0.495	0.3337505162872272	0.0005273508677833368
60	0.496	0.3337215309032085	0.0004789644772063056
60	0.497	0.33371253552305524	0.0004596438324339393
60	0.498	0.3336979138266232	0.00043977808592780674
60	0.499	0.3336854041824126	0.00041473147585351577
60	0.351	1.3418731370074621	0.11746656140102721
60	0.352	1.0078655215165842	0.06197295170251034
